-10.9619 -137.951 9.79999
8.2959 -128.322 -4.20001
-17.7021 -127.359 -9.20001
24.665 -175.504 -11.2
10.2217 -131.211 -13.2
-14.8135 -201.502 -20.2
25.6279 -178.393 -20.2
-23.4795 -166.838 -24.2
15.0361 -182.244 -25.2
28.5166 -177.43 -31.2
-32.1455 -155.283 -32.2
75.6982 -132.174 -36.2
38.1455 -189.947 -40.2
49.7002 -199.576 -40.2
-4.22168 -197.65 -41.2
35.2568 -117.73 -41.2
-37.9229 -126.397 -43.2
26.5908 -162.023 -43.2
44.8857 -116.768 -44.2
-0.370117 -136.988 -50.2
18.8877 -156.246 -50.2
-14.8135 -146.617 -51.2
44.8857 -203.428 -52.2
-43.7002 -119.656 -55.2
-27.3311 -215.945 -60.2
39.1084 -147.58 -60.2
-8.07324 -207.279 -63.2
41.9971 -114.842 -63.2
33.3311 -178.393 -64.2
56.4404 -113.879 -64.2
-59.1064 -146.617 -66.2
38.1455 -148.543 -66.2
-8.07324 -195.725 -67.2
24.665 -210.168 -68.2
-22.5166 -125.434 -75.2
6.37012 -209.205 -77.2
20.8135 -181.281 -77.2
15.999 -198.613 -78.2
-13.8506 -111.953 -79.2
26.5908 -192.836 -87.2
13.1104 -141.803 -88.2
-55.2549 -167.801 -91.2
-16.7393 -119.656 -92.2
15.999 -154.32 -92.2
-68.7354 -139.877 -93.2
38.1455 -155.283 -97.2
-68.7354 -147.58 -98.2
-24.4424 -230.389 -98.2
-35.9971 -118.693 -102.2
27.5537 -116.768 -104.2
-30.2197 -128.322 -105.2
-66.8096 -138.914 -109.2
38.1455 -105.213 -117.2
37.1826 -133.137 -122.2
30.4424 -118.693 -130.2
40.0713 -124.471 -130.2
26.5908 -224.611 -131.2
33.3311 -131.211 -131.2
26.5908 -127.359 -136.2
61.2549 -143.729 -136.2
39.1084 -219.797 -138.2
79.5498 -172.615 -140.2
52.5889 -119.656 -141.2
72.8096 -133.137 -146.2
88.2158 -132.174 -148.2
88.2158 -137.951 -150.2
-67.7725 -158.172 -164.2
-35.9971 -128.322 -194.2
-74.5127 -124.471 -220.2
