52.2461 -130.963 934
10.2539 -150.494 927
29.7852 -146.588 927
54.1992 -128.033 919
-23.9258 -109.479 914
38.5742 -134.869 909
4.39453 -149.518 908
62.0117 -126.08 906
26.8555 -154.4 897
64.9414 -167.096 889
2.44141 -178.815 886
2.44141 -136.822 883
66.8945 -133.893 882
1.46484 -157.33 878
48.3398 -138.775 877
-16.1133 -167.096 876
50.293 -122.174 870
47.3633 -181.744 868
71.7773 -146.588 868
-6.34766 -178.815 861
66.8945 -148.541 855
35.6445 -185.65 849
-18.0664 -181.744 845
31.7383 -169.049 842
62.0117 -184.674 837
42.4805 -163.19 837
6.34766 -186.627 836
62.9883 -184.674 835
-15.1367 -167.096 827
48.3398 -158.307 826
29.7852 -185.65 825
66.8945 -182.721 822
-1.46484 -186.627 819
56.1523 -158.307 809
-18.0664 -199.322 805
2.44141 -174.908 805
62.9883 -187.604 800
51.2695 -188.58 799
24.9023 -174.908 798
-30.7617 -174.908 790
65.918 -152.447 790
26.8555 -191.51 786
13.1836 -189.557 783
45.4102 -212.994 765
67.8711 -159.283 765
4.39453 -171.002 760
-14.1602 -204.205 754
16.1133 -190.533 746
19.043 -189.557 748
19.043 -189.557 746
57.1289 -169.049 744
-29.7852 -182.721 737
-20.9961 -202.252 736
41.5039 -183.697 735
35.6445 -195.416 732
-5.37109 -168.072 730
21.9727 -169.049 726
