1.18741 -121.988 -638.943
-35.291 -168.685 -703
-18.2882 -155.951 -600.959
-18.3379 -150.884 -603
-0.499086 -156.767 -734.959
-83.5683 -130.463 -809.995
-32.748 -166.142 -717
24.8926 -130.54 -587
15.5684 -138.169 -668
2.03554 -141.509 -668.918
15.5684 -116.13 -624
-40.377 -124.607 -626
18.2031 -135.626 -578.977
18.9809 -142.406 -670.932
19.0276 -144.893 -593.975
-75.0586 -179.657 -842.946
-0.537109 -125.454 -641
-32.6746 -166.073 -703.956
2.00586 -136.474 -662
7.96852 -155.908 -703.984
-36.0596 -123.744 -625.989
8.78711 -155.122 -704
-5.59962 -189.012 -608.965
7.93945 -166.142 -706
13.0254 -116.13 -612
13.0279 -119.488 -619.991
