-14.0996 -122.911 -513
3.70117 -117.826 -518
3.70117 -142.408 -538
-8.16602 -134.779 -552
9.63477 -135.626 -556
-26.8145 -129.693 -558
1.1582 -129.693 -568
-31.9004 -120.369 -580
21.502 -116.13 -582
-18.3379 -138.169 -598
-52.2441 -109.349 -608
29.1309 -154.275 -622
-31.0527 -159.361 -631
31.6738 -135.626 -633
-17.4902 -153.427 -638
-41.2246 -148.341 -647
-16.6426 -163.599 -649
32.5215 -136.474 -653
7.0918 -113.587 -661
-55.6348 -125.454 -671
-21.7285 -140.712 -674
-36.1387 -162.751 -682
-25.9668 -169.533 -683
1.1582 -150.884 -686
13.873 -132.236 -687
-48.0059 -128.845 -694
12.1777 -122.064 -694
-54.7871 -172.076 -703
28.2832 -151.732 -705
0.310547 -147.494 -716
11.3301 -141.56 -717
-49.7012 -164.447 -720
-50.5488 -164.447 -722
24.0449 -167.837 -722
-3.08008 -166.142 -723
-25.9668 -177.161 -725
14.7207 -146.646 -734
-40.377 -152.579 -735
-47.1582 -167.837 -736
-49.7012 -144.951 -737
-14.9473 -169.533 -747
13.0254 -159.361 -749
-14.9473 -150.884 -753
