-7.75391 143 -50.9
-10.0801 148.428 -56.9
-6.20313 156.957 -72.9
-27.1387 159.283 -81.9
-39.5449 146.877 -89.9
-17.834 166.262 -91.9
-30.2402 137.572 -97.9
-42.6465 145.326 -100.9
-48.0742 142.225 -103.9
-26.3633 163.16 -106.9
-20.9355 176.342 -108.9
-33.3418 139.123 -109.9
-48.8496 141.449 -113.9
-63.582 111.984 -116.9
-19.3848 183.32 -116.9
-43.4219 104.23 -119.9
-31.0156 172.465 -120.9
-43.4219 148.428 -121.9
-3.10156 170.139 -122.9
-39.5449 88.7227 -123.9
-86.8438 116.637 -124.9
-44.9727 95.7012 -124.9
-55.8281 111.984 -128.9
-40.3203 159.283 -129.9
18.6094 148.428 -129.9
-84.5176 107.332 -131.9
-63.582 104.23 -135.9
-47.2988 149.979 -135.9
-30.2402 176.342 -135.9
-3.10156 177.893 -139.9
-21.7109 177.117 -140.9
-60.4805 95.7012 -147.9
-35.668 70.8887 -148.9
-79.8652 98.0273 -150.9
-40.3203 72.4395 -151.9
-6.97852 197.277 -151.9
-15.5078 177.117 -152.9
-42.6465 149.203 -154.9
-15.5078 161.609 -154.9
-24.0371 175.566 -155.9
-62.0313 108.883 -158.9
-55.0527 153.855 -160.9
-50.4004 158.508 -161.9
-58.1543 102.68 -163.9
-5.42773 163.16 -163.9
-2.32617 175.566 -164.9
-75.2129 89.498 -166.9
-56.6035 161.609 -167.9
-54.2773 166.262 -169.9
51.9512 172.465 -170.9
6.97852 170.914 -171.9
-70.5605 101.129 -172.9
-58.9297 101.904 -178.9
-6.20313 75.541 -178.9
-56.6035 146.877 -179.9
-55.8281 173.24 -180.9
-55.0527 115.861 -183.9
-3.87695 187.973 -185.9
-84.5176 98.8027 -186.9
-61.2559 111.984 -194.9
-43.4219 76.3164 -194.9
-58.1543 183.32 -197.9
13.1816 168.588 -202.9
-53.502 124.391 -204.9
-57.3789 111.209 -205.9
-24.0371 184.871 -209.9
-67.459 123.615 -211.9
-57.3789 192.625 -213.9
-83.7422 129.818 -214.9
-2.32617 181.77 -224.9
14.7324 157.732 -228.9
-61.2559 144.551 -230.9
-28.6895 182.545 -230.9
-34.8926 188.748 -233.9
-41.8711 181.77 -237.9
-10.8555 177.893 -237.9
-45.748 163.16 -241.9
44.9727 170.914 -269.9
40.3203 160.834 -273.9
