-36.9375 -33.8594 -78.75
-30.7813 -37.7071 -78.75
-30.7813 -31.5508 -78.75
17.6992 -32.3204 -100
-4.61725 -7.69537 -116.25
-23.8555 -35.3985 -117.5
-41.5547 -48.4805 -122.5
-41.5547 -58.4844 -131.25
-33.8594 -57.7149 -131.25
-17.6993 -50.7891 -132.5
-17.6993 -61.5625 -136.25
-15.3907 -37.7071 -137.5
-23.8555 -53.8672 -140
-7.69537 -6.10352e-005 -141.25
-26.1641 -21.5469 -148.75
-10.7735 -63.8711 -150
17.6992 -74.6446 -150
-38.4766 -21.5469 -151.25
4.61713 -64.6407 -156.25
-42.3243 -41.5547 -160
17.6992 -52.3282 -162.5
5.38666 -23.086 -163.75
-14.6212 4.61713 -167.5
10.7734 -20.0079 -172.5
-15.3907 -20.0079 -173.75
34.6288 7.69525 -175
34.6288 -12.3126 -176.25
14.621 -15.3907 -180
11.5429 -20.0079 -182.5
16.1601 -25.3946 -182.5
23.0859 -13.0821 -185
23.0859 -28.4727 -186.25
29.2421 -40.7852 -187.5
13.8515 -92.3438 -191.25
-26.1641 -23.086 -192.5
-47.711 -13.8516 -202.5
-5.38678 3.84759 -202.5
5.38666 -0.769592 -207.5
9.23431 -97.7305 -215
36.1679 -92.3438 -215
11.5429 -3.84772 -220
34.6288 -97.7305 -227.5
9.23431 -3.84772 -245
35.3984 6.92572 -288.75
52.328 3.07806 -292.5
57.7148 1.539 -292.5
-34.629 9.23431 -302.5
