-19.3281 154.182 813.5
-19.3281 140.436 802.5
5.10938 158.764 789.5
-1 161.818 785.5
3.58203 120.58 779.5
-26.2012 115.998 767.5
18.8555 115.234 765.5
5.10938 167.164 755.5
5.87305 170.219 745.5
-52.166 121.344 740.5
-39.1836 130.508 739.5
-41.4746 145.781 735.5
-36.1289 142.727 733.5
-39.1836 132.799 731.5
-43.7656 119.816 729.5
-46.8203 150.363 727.5
-46.0566 127.453 727.5
-49.1113 135.854 726.5
-37.6563 148.836 721.5
11.9824 152.654 721.5
-46.0566 154.945 720.5
-36.1289 152.654 710.5
24.2012 146.545 696.5
-1 165.637 688.5
-1 169.455 666.5
-22.3828 161.818 637.5
-13.2188 164.109 628.5
50.166 184.729 617.5
29.5469 158 575.5
-19.3281 164.873 570.5
21.9102 156.473 571.5
-10.1641 160.291 568.5
