19.4805 -102.245 -385.7
8.34766 -104.472 -386.7
13.543 -82.2061 -397.7
20.2227 -94.0811 -411.7
21.707 -97.0498 -438.7
2.41016 -108.183 -446.7
20.9648 -90.3701 -453.7
9.08984 -110.409 -462.7
32.8398 -112.636 -463.7
33.582 -112.636 -465.7
3.15234 -128.964 -471.7
23.9336 -87.4014 -471.7
6.86328 -110.409 -473.7
-39.1523 -91.1123 -479.7
17.9961 -122.284 -482.7
30.6133 -106.698 -486.7
-25.793 -104.472 -491.7
-5.75391 -128.964 -493.7
20.2227 -101.503 -498.7
19.4805 -90.3701 -499.7
-39.1523 -123.026 -501.7
26.9023 -114.12 -504.7
-43.6055 -111.894 -509.7
-12.4336 -121.542 -509.7
9.08984 -132.675 -509.7
17.9961 -91.8545 -512.7
9.08984 -98.5342 -518.7
-23.5664 -123.769 -520.7
-24.3086 -102.987 -521.7
-8.72266 -116.347 -524.7
-40.6367 -117.089 -526.7
-38.4102 -93.3389 -526.7
18.7383 -94.8233 -533.7
-39.8945 -96.3076 -546.7
-13.1758 -114.12 -558.7
-36.9258 -95.5655 -563.7
-31.7305 -117.831 -568.7
20.9648 -94.0811 -571.7
-48.8008 -105.214 -579.7
-34.6992 -97.792 -587.7
-4.26953 -114.862 -587.7
-39.1523 -128.964 -589.7
-31.7305 -105.956 -593.7
6.12109 -100.761 -594.7
-13.1758 -117.089 -596.7
20.2227 -100.019 -598.7
-42.1211 -125.995 -601.7
0.925781 -110.409 -610.7
-23.5664 -125.995 -612.7
-38.4102 -102.245 -615.7
23.1914 -103.73 -619.7
14.2852 -96.3076 -621.7
1.66797 -100.019 -630.7
12.8008 -110.409 -631.7
-23.5664 -107.44 -632.7
-13.1758 -104.472 -634.7
23.9336 -108.183 -637.7
54.3633 -93.3389 -638.7
-48.8008 -97.792 -641.7
15.7695 -90.3701 -641.7
-6.49609 -114.862 -642.7
-20.5977 -105.956 -647.7
12.0586 -109.667 -650.7
-7.98047 -110.409 -655.7
26.1602 -120.058 -660.7
21.707 -71.0733 -664.7
23.1914 -99.2764 -664.7
-30.9883 -111.894 -666.7
-10.9492 -97.792 -666.7
-4.26953 -123.769 -666.7
7.60547 -122.284 -670.7
26.9023 -122.284 -674.7
-10.9492 -83.6905 -675.7
32.0977 -108.925 -676.7
-42.1211 -88.1436 -679.7
-19.8555 -121.542 -681.7
21.707 -108.183 -682.7
-30.9883 -93.3389 -685.7
-7.23828 -76.2686 -687.7
-25.0508 -77.753 -690.7
24.6758 -93.3389 -690.7
3.89453 -82.9483 -693.7
16.5117 -80.7217 -694.7
27.6445 -112.636 -695.7
17.2539 -102.245 -696.7
