17.3555 142.543 -236.3
5.73438 143.91 -242.55
-22.9766 167.836 -271.3
-2.46875 160.316 -273.8
25.5586 164.418 -282.55
39.9141 150.746 -286.3
50.168 143.91 -291.3
26.2422 135.707 -297.55
32.3945 144.594 -298.8
52.2188 143.91 -306.3
33.0781 141.176 -313.8
31.7109 171.254 -323.8
-22.9766 154.848 -331.3
34.4453 155.531 -347.55
-21.6094 143.91 -352.55
-12.0391 146.645 -355.05
-27.7617 161 -370.05
-7.9375 154.848 -378.8
41.2813 148.695 -387.55
24.875 142.543 -388.8
-16.1406 160.316 -392.55
5.05078 163.051 -415.05
