-5.72656 -131.612 1097.5
36.3828 -166.847 1097.5
-26.3516 -120.44 1095.5
-14.3203 -124.737 1086.5
-3.14844 -170.284 1086.5
-7.44531 -164.268 1084.5
-19.4766 -147.081 1077.5
-16.0391 -137.628 1068.5
-41.8203 -178.018 1066.5
-16.0391 -154.815 1064.5
-36.6641 -179.737 1063.5
-10.8828 -194.347 1058.5
-42.6797 -190.05 1053.5
2.00781 -148.8 1052.5
-8.30469 -123.018 1049.5
0.289063 -119.581 1047.5
-40.1016 -202.94 1036.5
14.0391 -141.925 1035.5
-19.4766 -142.784 1031.5
32.9453 -147.081 1031.5
17.4766 -135.05 1021.5
-6.58594 -117.862 1014.5
-40.9609 -145.362 1006.5
-40.9609 -141.065 1001.5
63.0234 -141.925 988.5
4.58594 -220.128 984.5
-41.8203 -129.034 982.5
-59.0078 -220.128 972.5
-27.2109 -142.784 972.5
-9.16406 -221.847 970.5
-63.3047 -220.987 963.5
-46.9766 -220.128 958.5
-4.00781 -117.003 953.5
-41.8203 -220.987 948.5
-50.4141 -206.378 934.5
-38.3828 -155.675 926.5
-28.0703 -148.8 923.5
-55.5703 -208.956 922.5
-47.8359 -191.768 913.5
76.7734 -149.659 889.5
61.3047 -140.206 887.5
63.0234 -148.8 887.5
