12.8906 -141.854 -269
12.8906 -142.636 -272
-6.64063 -134.823 -286
28.5156 -150.448 -289
43.3594 -129.354 -293
-19.9219 -120.761 -298
27.7344 -130.136 -300
8.98438 -146.542 -301
38.6719 -117.636 -307
26.1719 -112.167 -311
12.8906 -142.636 -317
-13.6719 -126.229 -323
-27.7344 -134.042 -326
-1.17188 -144.198 -331
-17.5781 -127.792 -334
35.5469 -145.761 -334
-23.8281 -162.948 -349
-18.3594 -146.542 -350
-9.76563 -165.292 -361
-22.2656 -147.323 -362
26.1719 -174.667 -369
-33.2031 -155.917 -374
14.4531 -176.229 -375
-5.85938 -167.636 -384
-23.0469 -161.386 -385
21.4844 -179.354 -387
7.42188 -166.854 -389
-26.1719 -169.198 -400
8.20313 -180.136 -409
-32.4219 -160.604 -419
-14.4531 -165.292 -422
-31.6406 -156.698 -435
34.7656 -141.854 -438
-3.51563 -168.417 -439
-11.3281 -155.917 -475
14.4531 -159.823 -478
