-7.77045 19.5311 -84
16.6436 -14.6486 -90
-26.3251 -19.5314 -93
-38.0439 -30.2735 -95
-16.5595 12.6952 -95
-44.8798 -44.922 -102
-34.1376 -2.92981 -115
-14.6064 16.6014 -115
-30.2314 -10.7423 -131
-35.1142 2.92956 -132
-36.0907 -1.95325 -139
-5.81732 9.7655 -143
-13.6298 26.3671 -146
-28.2783 -9.76574 -150
-15.5829 30.2733 -159
34.2217 -3.90637 -162
29.3389 22.4608 -168
-13.6298 28.3202 -173
39.1045 25.3905 -182
-11.6767 27.3436 -186
-38.0439 7.81237 -189
-25.3486 25.3905 -190
16.6436 -118.164 -191
-73.2001 6.83581 -192
-4.84076 21.4842 -196
-47.8095 2.92956 -198
-24.372 33.203 -202
-84.9188 11.7186 -208
24.4561 14.6483 -211
-24.372 40.0389 -218
-56.5985 -18.5548 -245
55.7061 30.2733 -266
43.9873 38.0858 -276
