21.9727 -184.162 -302.5
46.3867 -151.935 -306.5
2.44141 -178.303 -308.5
10.2539 -164.631 -314.5
-25.8789 -170.49 -316.5
-9.27734 -179.279 -321.5
-27.832 -173.42 -331.5
-1.46484 -171.467 -336.5
33.6914 -170.49 -343.5
-20.0195 -151.935 -345.5
-29.7852 -179.279 -349.5
-21.9727 -194.904 -360.5
-14.1602 -157.795 -367.5
-6.34766 -203.693 -368.5
-25.8789 -190.998 -375.5
-8.30078 -201.74 -384.5
-21.9727 -187.092 -387.5
26.8555 -140.217 -392.5
-32.7148 -147.053 -396.5
-14.1602 -206.623 -402.5
-17.0898 -185.139 -403.5
5.37109 -202.717 -407.5
27.832 -150.959 -411.5
-32.7148 -152.912 -413.5
27.832 -156.818 -433.5
-9.27734 -176.35 -439.5
35.6445 -163.654 -446.5
-9.27734 -178.303 -453.5
26.8555 -161.701 -473.5
-11.2305 -180.256 -480.5
