-3.02734 -172.086 -22
4.41016 -170.227 -22
3.48047 -151.633 -33
54.6133 -154.422 -39
34.1602 -166.508 -45
44.3867 -142.336 -45
-13.2539 -152.563 -49
38.8086 -138.618 -50
36.0195 -138.618 -56
54.6133 -126.532 -57
-18.832 -170.227 -59
-3.02734 -165.579 -64
-11.3945 -180.454 -65
12.7773 -130.25 -65
-19.7617 -162.79 -66
-9.53516 -188.821 -67
46.2461 -135.829 -76
-16.9727 -143.266 -78
12.7773 -126.532 -82
-53.2305 -118.165 -85
-18.832 -134.899 -87
-30.918 -138.618 -98
14.6367 -123.743 -100
31.3711 -184.172 -107
14.6367 -124.672 -133
21.1445 -117.235 -137
5.33984 -132.11 -146
-18.832 -115.375 -271
