4.7793 -141.797 -334
15.6973 -145.156 -344
-16.2168 -130.879 -350
45.0918 -121.641 -350
34.1738 -146.836 -353
-5.29883 -141.797 -355
34.1738 -158.594 -367
-14.5371 -131.719 -368
40.8926 -144.317 -369
55.1699 -145.156 -371
12.3379 -147.676 -376
35.8535 -139.278 -384
41.7324 -153.555 -384
-2.7793 -164.473 -389
49.291 -113.242 -392
-27.1348 -140.957 -399
29.9746 -153.555 -401
-12.8574 -167.832 -406
-21.2559 -133.399 -412
-33.0137 -144.317 -415
48.4512 -151.035 -415
-21.2559 -150.196 -416
19.8965 -159.434 -421
22.416 -146.836 -422
30.8145 -158.594 -423
25.7754 -131.719 -425
0.580078 -161.953 -432
45.9316 -140.117 -433
-17.8965 -168.672 -437
-48.1309 -135.078 -441
15.6973 -172.871 -442
32.4941 -125.84 -442
-19.5762 -144.317 -443
-40.5723 -167.832 -444
39.2129 -173.711 -444
-21.2559 -134.239 -447
-7.81836 -183.789 -455
64.4082 -156.074 -459
51.8105 -139.278 -460
29.9746 -171.192 -463
-33.8535 -171.192 -465
28.2949 -153.555 -467
51.8105 -155.235 -469
-1.93945 -184.629 -471
13.1777 -176.231 -473
-48.9707 -155.235 -475
-26.2949 -176.231 -477
-5.29883 -145.156 -483
14.0176 -170.352 -484
-26.2949 -168.672 -491
-1.93945 -182.949 -491
40.8926 -167.832 -493
38.373 -166.992 -495
41.7324 -166.153 -494
40.0527 -164.473 -497
-38.0527 -149.356 -497
45.9316 -150.196 -501
6.45898 -177.071 -510
-9.49805 -164.473 -513
25.7754 -166.153 -520
