1.46484 -173.499 970.5
24.9023 -173.499 969.5
37.5977 -152.991 965.5
48.3398 -127.601 939.5
53.2227 -116.859 939.5
21.9727 -165.687 937.5
39.5508 -147.132 931.5
47.3633 -169.593 930.5
29.7852 -167.64 919.5
2.44141 -148.109 915.5
47.3633 -182.288 914.5
42.4805 -128.577 912.5
43.457 -150.062 894.5
48.3398 -180.335 892.5
65.918 -155.921 891.5
62.9883 -190.101 880.5
49.3164 -137.366 878.5
-0.488281 -170.57 877.5
-15.1367 -135.413 868.5
43.457 -155.921 868.5
34.668 -186.195 867.5
-9.27734 -173.499 864.5
-30.7617 -176.429 863.5
26.8555 -206.702 855.5
12.207 -216.468 854.5
31.7383 -181.312 854.5
-29.7852 -169.593 852.5
71.7773 -198.89 846.5
10.2539 -188.148 844.5
1.46484 -168.616 841.5
53.2227 -143.226 840.5
-28.8086 -152.015 835.5
-22.9492 -177.405 833.5
32.7148 -197.913 832.5
-19.043 -184.241 819.5
-30.7617 -181.312 818.5
51.2695 -158.851 816.5
-27.832 -161.78 815.5
8.30078 -186.195 815.5
-18.0664 -196.937 814.5
26.8555 -215.491 810.5
-8.30078 -175.452 806.5
-23.9258 -183.265 800.5
42.4805 -146.155 797.5
-12.207 -165.687 793.5
19.043 -196.937 792.5
42.4805 -183.265 792.5
-26.8555 -166.663 779.5
57.1289 -169.593 779.5
22.9492 -203.773 778.5
-1.46484 -199.866 765.5
