2.83594 138.328 -8.70001
29.4961 143.797 -12.45
39.75 127.391 -13.7
0.785156 119.871 -14.95
19.2422 129.441 -17.45
-5.36719 123.973 -18.7
-4 115.77 -18.7
2.15234 115.086 -19.95
17.1914 141.746 -23.7
45.9023 117.82 -23.7
6.25391 122.605 -26.2
39.75 116.453 -26.2
17.1914 147.898 -29.95
17.875 139.695 -32.45
7.62109 108.934 -33.7
30.8633 113.035 -34.95
-36.8125 130.125 -52.45
-27.9258 124.656 -53.7
2.83594 108.25 -54.95
-31.3438 117.82 -58.7
-29.9766 136.277 -58.7
-42.2813 122.605 -59.95
32.2305 97.3125 -61.2
11.7227 105.516 -64.95
-34.7617 147.215 -66.2
23.3438 135.594 -66.2
11.7227 93.8945 -67.45
26.0781 92.5273 -67.45
-25.875 129.441 -69.95
26.7617 87.0586 -69.95
38.3828 126.023 -72.45
-42.2813 141.063 -73.7
7.62109 85.0078 -73.7
-34.0781 147.215 -74.95
17.1914 156.102 -76.2
-38.8633 121.922 -79.95
-0.582031 91.8438 -83.7
-27.9258 132.859 -86.2
7.62109 195.75 -89.95
-20.4063 136.961 -98.7
-2.63281 134.91 -98.7
23.3438 139.695 -103.7
5.57031 201.902 -104.95
55.4727 126.023 -111.2
24.7109 172.508 -119.95
-31.3438 149.266 -123.7
10.3555 189.598 -124.95
17.1914 174.559 -126.2
1.46875 197.117 -127.45
7.62109 171.824 -127.45
3.51953 206.688 -128.7
24.7109 193.016 -131.2
6.25391 165.672 -132.45
-11.5195 151.316 -136.2
-16.3047 138.328 -146.2
-0.582031 159.52 -146.2
32.2305 172.508 -163.7
-11.5195 162.938 -164.95
49.3203 198.484 -171.2
2.83594 164.988 -177.45
32.2305 169.773 -177.45
47.2695 208.738 -181.2
16.5078 169.773 -183.7
12.4063 177.293 -184.95
-14.9375 180.027 -192.45
-40.2305 167.039 -194.95
-14.9375 169.773 -196.2
-4.68359 186.863 -196.2
-28.6094 162.254 -198.7
66.4102 182.078 -224.95
51.3711 206.688 -226.2
22.6602 177.977 -228.7
43.8516 171.141 -233.7
-14.9375 195.75 -239.95
-7.41797 190.281 -239.95
-21.7734 186.18 -242.45
6.25391 169.773 -251.2
