30.8633 122.605 -51.2
27.4453 105.516 -54.95
17.1914 119.871 -56.2
36.332 126.707 -56.2
-1.26563 119.188 -66.2
-8.10156 119.871 -68.7
0.101563 102.098 -68.7
-4.68359 98.6797 -69.95
38.3828 110.301 -69.95
4.20313 126.707 -71.2
44.5352 123.289 -72.45
46.5859 119.188 -73.7
-3.31641 127.391 -76.2
-15.6211 113.035 -84.95
43.8516 100.73 -87.45
48.6367 119.188 -87.45
52.0547 108.25 -87.45
51.3711 123.973 -89.95
43.168 97.9961 -94.95
52.0547 108.934 -94.95
-1.26563 124.656 -98.7
13.7734 168.406 -104.95
-0.582031 155.418 -109.95
4.88672 152.684 -112.45
-25.875 141.063 -113.7
-28.6094 145.848 -117.45
-29.9766 133.543 -118.7
-27.2422 128.758 -122.45
