15.7656 -150.564 -95.5
-7.67188 -145.096 -96.5
31.3906 -138.846 -96.5
5.60938 -140.408 -98.5
-13.1406 -143.533 -105.5
11.8594 -143.533 -109.5
7.95313 -152.127 -112.5
31.3906 -137.283 -123.5
29.0469 -150.564 -126.5
-1.42188 -163.846 -133.5
9.51563 -164.627 -134.5
32.1719 -171.658 -137.5
20.4531 -129.471 -140.5
12.6406 -181.814 -142.5
3.26563 -124.783 -144.5
7.17188 -110.721 -145.5
-0.640625 -107.596 -146.5
30.6094 -107.596 -146.5
-2.20313 -114.627 -148.5
-1.42188 -103.689 -155.5
9.51563 -142.752 -159.5
4.82813 -134.939 -164.5
30.6094 -195.877 -176.5
2.48438 -94.3144 -187.5
-2.20313 -95.8769 -190.5
22.7969 -173.221 -196.5
36.8594 -130.252 -198.5
21.2344 -105.252 -203.5
6.39063 -112.283 -204.5
22.0156 -137.283 -206.5
54.8281 -123.221 -212.5
30.6094 -194.314 -238.5
-21.7344 -192.752 -244.5
59.5156 -109.939 -247.5
14.9844 -106.033 -251.5
37.6406 -189.627 -256.5
43.8906 -191.189 -265.5
39.9844 -115.408 -268.5
28.2656 -119.314 -279.5
-20.1719 -147.439 -280.5
-7.67188 -113.846 -304.5
79.8281 -115.408 -310.5
10.2969 -115.408 -322.5
