-18.8906 159.949 -140.6
-19.6133 159.949 -148.6
23.0234 162.84 -150.6
20.8555 152 -158.6
4.95703 161.395 -160.6
-16 141.883 -171.6
-2.99219 167.898 -175.6
-6.60547 169.344 -180.6
-2.99219 170.789 -190.6
-31.1758 82.625 -195.6
-10.9414 173.68 -201.6
-1.54688 159.227 -211.6
-40.5703 156.336 -212.6
19.4102 127.43 -237.6
-42.7383 149.832 -241.6
19.4102 116.59 -241.6
30.9727 152 -243.6
24.4688 169.344 -245.6
-15.2773 144.773 -248.6
20.8555 122.371 -249.6
33.8633 173.68 -251.6
-34.7891 153.445 -251.6
4.95703 73.2305 -251.6
-61.5273 151.277 -254.6
33.8633 169.344 -257.6
-47.0742 53.7188 -259.6
-65.8633 165.73 -264.6
-20.3359 173.68 -266.6
38.1992 175.125 -266.6
-20.3359 171.512 -277.6
-11.6641 171.512 -277.6
52.6523 168.621 -283.6
-12.3867 169.344 -288.6
-86.8203 93.4648 -309.6
-82.4844 105.027 -310.6
-75.2578 97.8008 -311.6
55.543 164.285 -327.6
39.6445 172.234 -346.6
31.6953 163.563 -347.6
-19.6133 155.613 -348.6
