-28.3313 -5.46875 -249
15.4187 1.5625 -259
-22.0813 -9.375 -265
-8.8 -18.75 -281
-29.1125 -12.5 -290
22.45 -4.6875 -301
-50.9875 -1.5625 -304
-15.8313 -18.75 -313
-29.8938 -13.2813 -314
15.4187 -11.7188 -317
17.7625 -13.2813 -318
16.9812 -13.2813 -324
26.3562 -23.4375 -326
26.3562 3.90625 -334
-54.8938 -17.1875 -335
22.45 -21.0938 -339
11.5125 -32.8125 -340
-34.5813 -19.5313 -345
1.35625 -43.75 -345
-45.5188 -5.46875 -346
-40.8313 -14.0625 -369
6.04375 -28.125 -370
17.7625 -9.375 -383
-31.4563 -32.0313 -388
-8.01875 -46.0938 -394
-50.9875 -17.9688 -402
-29.8938 -37.5 -405
0.574997 -46.0938 -411
-33.8 -28.9063 -412
16.9812 -23.4375 -418
-45.5188 -15.625 -421
8.3875 -11.7188 -424
