19.4531 -116.449 -152
23.0781 -129.137 -154
4.04688 -144.543 -155
22.1719 -109.199 -165
-18.6094 -148.168 -170
-4.10938 -143.637 -174
-35.8281 -118.262 -180
14.9219 -130.949 -195
-30.3906 -124.606 -205
8.57813 -144.543 -210
35.7656 -142.731 -212
5.85938 -122.793 -214
-28.5781 -155.418 -222
42.1094 -147.262 -231
-22.2344 -162.668 -236
-24.9531 -161.762 -237
-24.0469 -162.668 -239
-25.8594 -180.793 -240
-41.2656 -149.074 -242
-47.6094 -168.106 -248
25.7969 -164.481 -249
-37.6406 -150.887 -255
-15.8906 -182.606 -257
-35.8281 -141.824 -258
-44.8906 -178.074 -265
22.1719 -152.699 -265
-12.2656 -186.231 -274
-53.0469 -150.887 -280
35.7656 -167.199 -280
-22.2344 -174.449 -282
4.95313 -170.824 -283
-35.8281 -178.981 -287
-43.9844 -167.199 -291
