36.6777 148.891 105.6
25.6582 115.832 86.6
29.5938 126.852 82.6
7.55469 154.4 78.6
59.5039 92.2188 66.6
23.2969 155.975 63.6
-21.5684 92.2188 61.6
-22.3555 139.445 29.6
18.5742 138.658 19.6
24.8711 141.02 10.6
-34.1621 146.529 -4.39996
27.2324 130 -12.4
32.7422 128.426 -13.4
48.4844 120.555 -15.4
60.291 154.4 -16.4
87.8398 41.0566 -23.4
17 167.781 -38.4
60.291 154.4 -38.4
-24.7168 159.123 -47.4
110.666 80.4121 -53.4
102.008 85.1348 -58.4
-53.0527 44.9922 -64.4
-61.7109 45.7793 -68.4
-14.4844 149.678 -69.4
109.092 69.3926 -69.4
94.1367 104.025 -77.4
-65.6465 94.5801 -81.4
-44.3945 116.619 -82.4
-8.1875 157.549 -82.4
75.2461 115.045 -82.4
109.879 100.09 -85.4
-21.5684 65.457 -87.4
-17.6328 159.123 -87.4
48.4844 155.188 -89.4
-9.76172 153.613 -104.4
-5.03906 149.678 -107.4
-37.3105 152.039 -112.4
68.9492 153.613 -112.4
83.1172 142.594 -112.4
53.9941 153.613 -114.4
-8.1875 148.891 -117.4
46.123 147.316 -118.4
43.7617 141.807 -121.4
60.291 159.123 -122.4
