19.8438 -152.416 -305.5
21.7188 -165.541 -317.5
51.7188 -134.604 -322.5
-32.6563 -143.041 -330.5
7.65625 -163.666 -330.5
9.53125 -186.166 -339.5
-21.4063 -154.291 -344.5
21.7188 -162.729 -350.5
34.8438 -184.291 -351.5
2.96875 -174.916 -356.5
-12.9688 -156.166 -357.5
53.5938 -174.916 -357.5
64.8438 -159.916 -362.5
-26.0938 -136.479 -364.5
-19.5313 -187.104 -370.5
43.2813 -157.104 -370.5
48.9063 -192.729 -373.5
50.7813 -127.104 -374.5
11.4063 -200.229 -379.5
-8.28125 -165.541 -380.5
40.4688 -181.479 -380.5
-4.53125 -188.979 -383.5
53.5938 -200.229 -394.5
-23.2813 -177.729 -404.5
45.1563 -204.916 -406.5
-4.53125 -181.479 -407.5
47.9688 -173.979 -409.5
-7.34375 -206.791 -415.5
7.65625 -211.479 -420.5
41.4063 -174.916 -427.5
-3.59375 -178.666 -439.5
-15.7813 -171.166 -455.5
-13.9063 -171.166 -472.5
-15.7813 -173.041 -485.5
5.78125 -184.291 -489.5
-13.9063 -170.229 -499.5
