9.84766 160.688 -40.35
-8.19922 165.844 -65.35
-9.48828 171.645 -70.35
-4.33203 177.445 -79.1
2.75781 174.867 -85.35
-17.8672 131.684 -87.85
7.26953 129.105 -89.1
10.4922 124.594 -94.1
-27.5352 131.039 -95.35
-2.39844 187.758 -110.35
4.69141 183.891 -115.35
20.8047 99.457 -117.85
-7.55469 196.781 -119.1
4.69141 193.559 -120.35
3.40234 197.426 -125.35
-10.7773 201.293 -137.85
16.293 158.109 -142.85
-41.0703 171.645 -156.6
-47.5156 168.422 -157.85
-57.1836 176.801 -162.85
29.1836 80.7656 -172.85
14.3594 188.402 -174.1
-26.2461 178.734 -184.1
-6.91016 178.09 -201.6
-47.5156 78.832 -202.85
-68.7852 150.375 -204.1
-14 97.5234 -206.6
-40.4258 151.02 -210.35
-62.3398 141.352 -214.1
