31.9316 -134.097 -443.2
11.7207 -128.656 -447.2
22.6035 -144.98 -447.2
45.9238 -136.429 -456.2
52.1426 -121.66 -459.2
6.2793 -115.441 -460.2
25.7129 -145.758 -460.2
26.4902 -130.988 -463.2
40.4824 -127.879 -468.2
0.837891 -110 -478.2
-12.377 -102.226 -479.2
25.7129 -133.32 -481.2
33.4863 -144.98 -482.2
46.7012 -139.539 -488.2
-21.7051 -124.769 -492.2
-10.8223 -107.668 -495.2
-13.1543 -116.219 -498.2
-14.709 -115.441 -508.2
-9.26758 -132.543 -508.2
32.709 -119.328 -515.2
-22.4824 -113.886 -516.2
52.1426 -129.433 -529.2
55.252 -116.219 -530.2
41.2598 -140.316 -531.2
15.6074 -144.203 -534.2
50.5879 -113.109 -547.2
57.584 -121.66 -547.2
-19.373 -112.332 -550.2
38.1504 -123.992 -557.2
52.9199 -116.996 -560.2
33.4863 -134.875 -571.2
14.8301 -148.09 -577.2
0.0605469 -134.875 -584.2
42.8145 -116.219 -593.2
-20.1504 -123.992 -602.2
41.2598 -155.863 -603.2
38.1504 -137.984 -611.2
-24.0371 -125.547 -620.2
16.3848 -158.972 -623.2
54.4746 -121.66 -628.2
-24.8145 -128.656 -633.2
-5.38086 -125.547 -636.2
