14.1582 -122.941 -200
16.4902 -126.051 -211
-20.8223 -119.832 -221
38.2559 -112.836 -227
12.6035 -124.496 -229
32.8145 -96.5115 -233
-23.1543 -105.062 -242
32.8145 -112.058 -246
39.0332 -99.6208 -256
-30.9277 -117.5 -258
-17.7129 -116.722 -267
38.2559 -137.711 -269
7.16211 -148.594 -273
17.2676 -105.84 -274
-30.1504 -138.488 -282
-2.94336 -150.926 -285
28.9277 -97.2888 -286
-18.4902 -146.261 -304
20.377 -137.711 -305
48.3613 -129.16 -317
-22.377 -151.703 -323
-41.0332 -122.941 -330
21.9316 -126.828 -334
-9.16211 -158.699 -335
7.16211 -159.476 -336
29.7051 -152.48 -349
7.16211 -151.703 -350
28.9277 -128.383 -361
20.377 -155.59 -367
-12.2715 -142.375 -372
-34.8145 -141.597 -373
2.49805 -159.476 -380
-6.05273 -154.035 -393
