9.59375 105.889 -66.1
-18.6699 128.305 -67.1
-14.7715 140 -76.1
-2.10156 115.635 -81.1
-36.2129 99.0664 -101.1
-8.92383 154.619 -103.1
-36.2129 96.1426 -106.1
-29.3906 162.416 -136.1
-44.0098 145.848 -137.1
-7.94922 157.543 -142.1
-39.1367 148.771 -145.1
22.2637 124.406 -147.1
-30.3652 168.264 -148.1
-38.1621 144.873 -151.1
1.79688 148.771 -154.1
-28.416 131.229 -155.1
-7.94922 81.5234 -160.1
-54.7305 136.102 -161.1
38.832 136.102 -164.1
31.0352 164.365 -169.1
-19.6445 159.492 -170.1
-44.0098 168.264 -179.1
-94.6895 86.3965 -182.1
-82.9941 172.162 -183.1
-76.1719 136.102 -187.1
24.2129 152.67 -185.1
-81.0449 150.721 -191.1
-36.2129 165.34 -191.1
-26.4668 171.188 -195.1
-67.4004 158.518 -200.1
-57.6543 169.238 -203.1
-55.7051 148.771 -210.1
-81.0449 107.838 -211.1
-21.5938 172.162 -216.1
-39.1367 132.203 -224.1
-24.5176 171.188 -226.1
-41.0859 151.695 -227.1
-17.6953 148.771 -234.1
-44.9844 132.203 -238.1
-23.543 168.264 -241.1
-54.7305 134.152 -243.1
-31.3398 159.492 -244.1
-80.0703 66.9043 -246.1
-16.7207 168.264 -255.1
