-1.99805 -136.183 -428.5
-12.6855 -106.793 -430.5
6.68555 -102.785 -431.5
-20.7012 -135.515 -445.5
-36.7324 -123.492 -447.5
-30.0527 -133.511 -451.5
-30.0527 -108.129 -454.5
13.3652 -108.129 -455.5
-4.66992 -143.531 -465.5
-38.7363 -120.82 -468.5
-23.373 -135.515 -475.5
-28.7168 -122.156 -477.5
0.673828 -150.879 -477.5
-23.373 -126.832 -491.5
16.0371 -134.179 -494.5
-33.3926 -114.808 -502.5
20.7129 -144.199 -522.5
-36.0645 -132.175 -528.5
-29.3848 -128.836 -539.5
22.0488 -128.168 -546.5
12.6973 -116.144 -554.5
23.3848 -136.183 -559.5
-14.0215 -138.855 -561.5
-24.041 -138.855 -563.5
-22.7051 -126.164 -571.5
-32.0566 -128.836 -573.5
-24.709 -112.136 -573.5
16.7051 -114.14 -584.5
-14.0215 -118.148 -587.5
-26.0449 -109.464 -592.5
6.01758 -108.796 -607.5
