0.00012207 -8.98426 -220
22.4611 0.00012207 -226.25
41.3283 35.9376 -233.75
-25.1561 35.9376 -235
3.59387 -13.4764 -238.75
-22.4608 -11.6796 -247.5
41.3283 47.6173 -251.25
49.4142 24.2579 -253.75
52.1095 6.28919 -267.5
-0.898316 11.6798 -268.75
-26.0546 22.4611 -276.25
35.0392 -19.7655 -295
-26.0546 16.172 -296.25
42.2267 5.39075 -298.75
-29.6483 -11.6796 -302.5
-27.8515 15.2736 -321.25
-27.8515 10.7814 -346.25
1.797 -7.18738 -348.75
-30.5468 -24.2577 -351.25
-28.7499 7.18763 -362.5
-17.0702 -5.39051 -363.75
26.9533 21.5626 -367.5
-26.0546 4.49231 -381.25
24.2579 -36.8358 -383.75
45.8205 4.49231 -395
-22.4608 0.00012207 -402.5
-12.578 -23.3593 -417.5
