-12.1523 185.281 -340.9
18.6094 192.117 -352.9
-2.58203 172.977 -358.9
6.98828 182.547 -363.9
22.0273 203.055 -363.9
13.1406 193.484 -370.9
17.9258 170.926 -370.9
-23.0898 193.484 -371.9
-4.63281 170.926 -373.9
6.98828 163.406 -380.9
-3.26563 185.281 -381.9
21.3438 200.32 -383.9
-12.1523 187.332 -396.9
-7.36719 174.344 -396.9
24.0781 198.953 -397.9
5.62109 164.09 -401.9
3.57031 179.129 -404.9
-16.9375 185.281 -407.9
24.0781 179.129 -411.9
5.62109 174.344 -417.9
-8.73438 172.293 -420.9
30.2305 188.016 -421.9
6.98828 169.559 -431.9
-27.1914 153.836 -434.9
13.8242 203.738 -435.9
24.0781 190.75 -440.9
-32.6602 188.016 -443.9
-10.7852 170.926 -444.9
15.875 199.637 -447.9
24.0781 158.621 -451.9
7.67188 165.457 -459.9
13.1406 185.965 -462.9
-12.8359 179.813 -465.9
-19.6719 151.785 -466.9
24.0781 156.57 -470.9
-12.1523 155.887 -478.9
-38.8125 170.242 -482.9
2.88672 167.508 -489.9
10.4063 155.203 -512.9
-35.3945 172.293 -529.9
15.1914 155.887 -530.9
6.30469 153.152 -534.9
-1.89844 151.102 -535.9
