4.86914 -133.32 -191
14.9668 -136.074 -203
34.2441 -129.648 -207
23.2285 -151.679 -211
3.95117 -134.238 -219
31.4902 -136.992 -219
44.3418 -137.91 -225
-7.06445 -135.156 -238
-19.916 -125.058 -246
-22.6699 -156.269 -274
-27.2598 -140.664 -283
18.6387 -111.289 -287
-7.06445 -165.449 -293
-26.3418 -143.417 -299
-1.55664 -168.203 -305
22.3105 -120.468 -305
-24.5059 -146.171 -311
-36.4395 -170.956 -312
24.1465 -126.894 -320
-28.1777 -144.335 -325
28.7363 -125.976 -337
-21.752 -150.761 -350
28.7363 -136.074 -350
-25.4238 -150.761 -366
-30.0137 -149.843 -381
-1.55664 -154.433 -382
