43.75 151.094 -195.8
10.9375 163.594 -197.8
-37.5 157.344 -203.8
-22.6563 142.5 -222.8
-12.5 167.5 -222.8
-25 149.531 -244.8
-21.875 165.156 -244.8
-12.5 153.438 -254.8
-26.5625 166.719 -266.8
-30.4688 127.656 -237.8
-18.75 110.469 -265.8
-18.75 102.656 -284.8
-35.9375 108.125 -283.8
-34.375 112.031 -308.8
-10.9375 149.531 -282.8
-28.125 165.938 -280.8
12.5 160.469 -280.8
29.6875 157.344 -282.8
-27.3438 162.813 -349.8
19.5313 89.375 -277.8
-18.75 164.375 -373.8
-6.25 166.719 -424.8
-11.7188 162.031 -470.8
-28.9063 119.844 -245.8
-21.0938 112.031 -260.8
