15.8945 -135.956 1157.5
29.0195 -135.956 1153.5
-31.6836 -131.855 1152.5
-11.1758 -135.956 1149.5
29.8398 -132.675 1146.5
17.5352 -126.933 1136.5
24.918 -139.238 1134.5
18.3555 -124.472 1128.5
-3.79297 -121.191 1126.5
8.51172 -146.62 1118.5
-0.511719 -148.261 1117.5
16.7148 -119.55 1117.5
19.9961 -144.16 1116.5
17.5352 -138.417 1115.5
-11.9961 -131.035 1111.5
29.0195 -169.589 1105.5
11.793 -112.167 1103.5
-22.6602 -174.511 1102.5
6.05078 -155.644 1098.5
-21.0195 -179.433 1095.5
19.1758 -150.722 1090.5
-16.0977 -118.73 1087.5
32.3008 -127.753 1078.5
33.9414 -130.214 1071.5
25.7383 -161.386 1068.5
31.4805 -167.128 1060.5
-34.1445 -110.527 1045.5
-39.8867 -117.91 1044.5
47.0664 -103.964 1031.5
-38.2461 -110.527 1024.5
10.9727 -112.988 970.5
