-25.8789 -159.684 0.5
-26.8555 -183.122 -5.5
1.46484 -171.403 -5.5
-2.44141 -159.684 -14.5
-5.37109 -157.731 -26.5
-19.043 -185.075 -46.5
16.1133 -204.606 -50.5
-20.0195 -177.262 -52.5
-48.3398 -212.419 -55.5
17.0898 -213.395 -57.5
-8.30078 -143.083 -77.5
17.0898 -195.817 -77.5
28.8086 -172.38 -79.5
-28.8086 -233.903 -81.5
-32.7148 -239.762 -85.5
45.4102 -147.965 -87.5
41.5039 -165.544 -88.5
-36.6211 -170.426 -96.5
45.4102 -147.965 -102.5
-6.34766 -148.942 -104.5
18.0664 -179.215 -105.5
6.34766 -217.301 -107.5
52.2461 -144.059 -109.5
-21.9727 -162.614 -110.5
-53.2227 -154.801 -116.5
4.39453 -227.067 -116.5
-7.32422 -138.2 -148.5
74.707 -161.637 -176.5
58.1055 -152.848 -195.5
35.6445 -150.895 -197.5
