-9.57031 154.961 38.7
21.875 173.418 34.7
-23.9258 148.809 33.7
15.0391 141.973 28.7
33.4961 149.492 26.7
20.5078 131.035 11.7
12.3047 176.836 9.70001
-6.83594 123.516 7.70001
35.5469 111.895 -11.3
3.41797 113.262 -16.3
10.9375 183.672 -25.3
21.1914 174.785 -33.3
-0.683594 188.457 -34.3
8.20313 109.16 -34.3
12.9883 166.582 -34.3
11.6211 183.672 -37.3
27.3438 124.199 -42.3
15.7227 187.09 -44.3
0.683594 187.773 -49.3
11.6211 156.328 -50.3
-34.1797 165.898 -62.3
20.5078 115.996 -62.3
30.0781 174.785 -63.3
13.6719 114.629 -69.3
45.8008 140.605 -71.3
15.7227 196.66 -74.3
0.683594 156.328 -81.3
-1.36719 163.164 -84.3
50.5859 188.457 -96.3
-19.1406 60.625 -132.3
5.46875 181.621 -140.3
-56.7383 127.617 -141.3
22.5586 187.09 -142.3
-35.5469 153.594 -147.3
18.457 183.672 -147.3
28.7109 180.254 -153.3
27.3438 180.254 -162.3
72.4609 181.621 -178.3
47.168 174.785 -180.3
59.4727 184.355 -188.3
56.7383 177.52 -190.3
