40.3926 -168.594 -51
18.0215 -154.977 -78
-38.3926 -226.954 -81
-23.8027 -236.68 -86
-23.8027 -156.922 -125
13.1582 -144.278 -127
-3.37695 -135.524 -144
-10.1855 -141.36 -152
49.1465 -205.555 -153
66.6543 -154.004 -155
32.6113 -169.567 -157
52.0645 -200.692 -158
20.9395 -168.594 -162
-0.458984 -137.469 -166
69.5723 -159.84 -166
74.4355 -169.567 -167
66.6543 -149.141 -172
10.2402 -157.895 -173
41.3652 -161.786 -173
-48.1191 -142.333 -174
-25.748 -159.84 -174
72.4902 -150.114 -178
53.0371 -166.649 -179
-27.6934 -151.086 -180
82.2168 -163.731 -181
-38.3926 -155.95 -184
-51.0371 -137.469 -188
-13.1035 -146.223 -194
-10.1855 -152.059 -205
8.29492 -139.415 -224
55.9551 -142.333 -259
54.0098 -158.868 -260
56.9277 -146.223 -266
60.8184 -155.95 -271
