2.29688 175.375 -268.75
-5.00781 183.344 -285
18.2344 174.711 -285
23.5469 205.258 -295
30.8516 183.344 -298.75
28.1953 170.063 -315
32.8438 165.414 -338.75
-5.67188 178.695 -342.5
28.8594 196.625 -342.5
25.5391 172.055 -348.75
20.2266 153.461 -350
-30.2422 158.773 -352.5
4.28906 158.109 -352.5
38.1563 171.391 -362.5
-20.2813 183.344 -376.25
6.94531 157.445 -380
29.5234 145.492 -383.75
-3.01563 167.406 -388.75
26.2031 143.5 -412.5
26.2031 167.406 -416.25
1.63281 144.164 -417.5
36.1641 158.773 -435
24.875 163.422 -437.5
-18.9531 176.703 -438.75
18.2344 156.117 -438.75
-11.6484 157.445 -445
22.8828 164.086 -455
