19.5538 51.707 -49.25
-31.3055 21.1913 -59.25
16.1632 35.6015 -63.25
11.0773 30.5156 -71.25
-22.829 38.9921 -77.25
-22.829 34.7538 -82.25
-29.6102 49.164 -110.25
-29.6102 42.3827 -111.25
-35.5438 52.5546 -115.25
0.905406 -43.2305 -139.25
61.9366 54.2499 -139.25
0.905406 -48.3165 -143.25
48.3741 33.0585 -149.25
60.2413 44.0781 -150.25
-12.6571 55.0976 -154.25
-3.33287 55.0976 -156.25
-25.3719 -56.793 -157.25
31.421 57.6405 -161.25
-59.2782 65.2695 -173.25
67.8702 49.164 -182.25
57.6984 50.8593 -185.25
56.003 77.9843 -186.25
52.6124 83.0702 -188.25
42.4406 70.3554 -191.25
75.4991 27.1249 -191.25
79.7374 20.3437 -198.25
79.7374 14.4101 -200.25
39.0499 88.1562 -202.25
80.5851 16.1054 -205.25
-89.7938 -8.47662 -226.25
16.1632 36.4491 -255.25
