16.1953 -156.044 986
37.6797 -147.45 982
-8.72656 -152.607 976
23.9297 -132.841 976
-24.1953 -151.747 964
-9.58594 -155.185 961
-6.14844 -144.872 945
-1.85156 -165.497 941
28.2266 -144.872 940
-8.72656 -165.497 930
-17.3203 -151.747 929
8.46094 -149.169 929
20.4922 -160.341 924
23.0703 -143.153 922
-12.1641 -154.325 916
49.7109 -123.388 911
5.88281 -143.153 907
31.6641 -159.482 901
-33.6484 -163.778 900
-10.4453 -156.044 900
43.6953 -144.013 900
-33.6484 -142.294 898
-19.0391 -167.216 887
45.4141 -153.466 882
-17.3203 -150.028 880
37.6797 -171.513 876
38.5391 -168.075 864
-19.8984 -169.794 862
-37.9453 -159.482 861
-22.4766 -139.716 847
33.3828 -162.06 842
32.5234 -128.544 831
-10.4453 -147.45 827
-31.0703 -133.7 813
-34.5078 -163.778 805
-25.0547 -134.56 801
-22.4766 -185.263 799
-14.7422 -156.044 796
31.6641 -182.685 784
-41.3828 -171.513 776
45.4141 -174.95 776
-13.8828 -153.466 775
-31.9297 -138.857 774
35.9609 -142.294 771
-39.6641 -155.185 765
-12.1641 -177.528 763
31.6641 -182.685 762
-19.8984 -150.028 760
-36.2266 -144.872 756
36.8203 -143.153 755
-7.86719 -176.669 743
-7.86719 -138.857 733
