1.14063 136.836 -74.45
36.2969 110.469 -85.7
24.5781 138.789 -115.7
6.02344 116.328 -116.95
64.6172 100.703 -133.2
74.3828 109.492 -134.45
-48.6641 83.125 -140.7
90.9844 174.922 -150.7
-5.69531 163.203 -156.95
-77.9609 115.352 -166.95
-71.125 114.375 -168.2
39.2266 111.445 -173.2
58.7578 141.719 -174.45
38.25 129.023 -178.2
14.8125 62.6172 -180.7
35.3203 120.234 -180.7
9.92969 72.3828 -183.2
-24.25 151.484 -195.7
5.04688 172.969 -195.7
-76.9844 135.859 -205.7
-59.4063 139.766 -206.95
76.3359 169.063 -210.7
-80.8906 127.07 -210.7
-65.2656 134.883 -213.2
-87.7266 111.445 -220.7
-82.8438 101.68 -231.95
-82.8438 111.445 -231.95
113.445 164.18 -241.95
-4.71875 166.133 -265.7
99.7734 149.531 -270.7
51.9219 153.438 -291.95
