29.9395 -105.683 -466.5
31.5098 -126.882 -476.5
46.4277 -87.6245 -487.5
37.791 -83.6987 -502.5
17.377 -115.89 -503.5
25.2285 -109.609 -514.5
15.8066 -115.105 -515.5
30.7246 -94.6909 -515.5
20.5176 -126.097 -517.5
-10.8887 -98.6166 -520.5
3.24414 -119.816 -524.5
29.9395 -129.238 -529.5
-14.0293 -99.4018 -534.5
21.3027 -124.527 -538.5
-17.1699 -113.535 -540.5
33.0801 -111.964 -540.5
37.791 -126.097 -542.5
40.1465 -125.312 -541.5
-25.8066 -96.2612 -550.5
45.6426 -88.4096 -551.5
33.8652 -113.535 -555.5
21.3027 -122.171 -558.5
4.81445 -126.097 -559.5
-10.1035 -106.468 -571.5
-5.39258 -116.675 -574.5
53.4941 -117.46 -578.5
30.7246 -107.253 -581.5
29.9395 -143.371 -585.5
46.4277 -139.445 -594.5
-18.7402 -141.8 -598.5
-27.377 -117.46 -603.5
8.74023 -152.007 -603.5
51.1387 -118.246 -604.5
-15.5996 -124.527 -605.5
22.0879 -155.933 -608.5
-17.9551 -150.437 -611.5
24.4434 -124.527 -611.5
24.4434 -140.23 -614.5
0.888672 -143.371 -618.5
7.16992 -134.734 -619.5
-29.7324 -119.031 -622.5
4.81445 -159.859 -622.5
45.6426 -130.808 -623.5
10.3105 -141.015 -634.5
15.0215 -156.718 -640.5
26.7988 -143.371 -640.5
-14.8145 -161.429 -643.5
42.502 -121.386 -644.5
-5.39258 -154.363 -649.5
15.8066 -157.503 -652.5
1.67383 -141.8 -653.5
15.0215 -159.074 -654.5
-25.8066 -142.585 -656.5
-11.6738 -140.23 -673.5
29.1543 -131.593 -678.5
