7.03125 -16.1719 -76.25
-19.6875 -16.1719 -77.5
-27.4219 -17.5781 -83.75
36.5625 -7.03125 -83.75
-6.32813 -9.14063 -86.25
-16.875 -5.625 -90
-11.25 -22.5 -91.25
0.703125 -3.51563 -91.25
16.875 -10.5469 -91.25
17.5781 -7.03125 -97.5
18.9844 -13.3594 -105
-10.5469 -22.5 -106.25
-7.03125 -27.4219 -110
-9.84375 8.4375 -113.75
14.0625 2.8125 -115
2.10938 -39.375 -122.5
-18.9844 -28.8281 -125
-19.6875 -45.7031 -126.25
-17.5781 -37.2656 -130
21.7969 -44.2969 -131.25
-28.8281 -11.25 -135
-12.6563 -45.7031 -135
10.5469 -47.8125 -136.25
1.40625 -45 -148.75
10.5469 16.875 -157.5
-26.7188 -73.125 -167.5
-2.8125 24.6094 -175
-7.03125 3.51563 -178.75
-1.40625 26.0156 -186.25
-26.0156 -85.7813 -188.75
-47.1094 -1.40625 -190
-46.4063 9.14063 -191.25
37.9688 -89.2969 -191.25
-31.6406 -86.4844 -193.75
-27.4219 -88.5938 -196.25
-46.4063 14.7656 -197.5
11.25 25.3125 -197.5
-47.1094 18.2813 -206.25
-29.5313 -96.3281 -207.5
-27.4219 12.6563 -207.5
-10.5469 15.4688 -210
0.703125 32.3438 -211.25
35.8594 -99.1406 -213.75
-31.6406 -101.25 -222.5
-54.1406 21.0938 -231.25
-57.6563 33.75 -237.5
-25.3125 -110.391 -252.5
-16.1719 -109.688 -271.25
41.4844 14.7656 -291.25
46.4063 18.9844 -292.5
47.1094 27.4219 -293.75
33.0469 21.0938 -295
7.03125 37.2656 -300
30.9375 33.75 -302.5
-42.8906 19.6875 -308.75
16.1719 18.9844 -311.25
-37.2656 37.2656 -316.25
-25.3125 11.9531 -320
6.32813 8.4375 -321.25
