-16.1133 -138.858 -317.5
27.832 -128.116 -349.5
-18.0664 -166.202 -370.5
-10.2539 -189.64 -374.5
31.7383 -191.593 -380.5
-12.207 -130.069 -384.5
-3.41797 -113.468 -399.5
-18.0664 -207.218 -408.5
28.8086 -131.046 -409.5
-20.9961 -111.515 -419.5
-21.9727 -209.171 -435.5
20.9961 -215.03 -446.5
24.9023 -100.772 -449.5
-5.37109 -215.03 -461.5
3.41797 -214.054 -465.5
4.39453 -102.725 -466.5
26.8555 -107.608 -473.5
11.2305 -103.702 -474.5
-70.8008 -171.085 -476.5
-9.27734 -217.96 -477.5
9.27734 -105.655 -484.5
-4.39453 -113.468 -517.5
