10.4688 165.102 -375.4
29.4063 182.461 -401.4
27.0391 156.422 -407.4
13.625 162.734 -412.4
5.73438 153.266 -420.4
-37.6641 161.156 -435.4
10.4688 145.375 -440.4
23.8828 181.672 -440.4
-24.25 165.102 -444.4
-17.9375 151.688 -446.4
-6.89063 165.102 -450.4
19.1484 154.055 -455.4
31.7734 154.844 -456.4
-30.5625 153.266 -457.4
-31.3516 165.891 -460.4
19.9375 153.266 -475.4
-26.6172 176.938 -477.4
-14.7813 150.109 -495.4
-30.5625 141.43 -496.4
23.0938 154.844 -499.4
23.8828 164.313 -499.4
11.2578 135.117 -500.4
-36.0859 160.367 -505.4
42.8203 154.844 -506.4
-20.3047 133.539 -509.4
30.9844 155.633 -513.4
21.5156 136.695 -514.4
41.2422 172.992 -521.4
-11.625 154.844 -525.4
12.8359 151.688 -528.4
30.9844 154.844 -531.4
-21.0938 154.844 -533.4
26.25 131.172 -533.4
-32.1406 140.641 -537.4
-2.15625 145.375 -543.4
0.210938 131.172 -546.4
-14.7813 146.164 -548.4
23.0938 159.578 -550.4
5.73438 143.797 -556.4
-13.2031 146.164 -563.4
23.0938 159.578 -565.4
