17.0684 -137.942 -386
3.99805 -167.817 -394
11.4668 -161.282 -409
32.0059 -152.88 -425
7.73242 -143.544 -430
33.873 -135.142 -456
32.9395 -143.544 -470
-21.209 -123.005 -479
40.4082 -131.407 -482
8.66602 -162.216 -483
41.3418 -121.138 -490
44.1426 -155.681 -491
20.8027 -178.087 -500
-6.27148 -158.481 -502
-14.6738 -117.403 -504
60.0137 -141.677 -504
-22.1426 -160.349 -511
32.0059 -121.138 -513
1.19727 -193.024 -516
32.9395 -168.751 -522
52.5449 -128.606 -523
49.7441 -141.677 -526
-28.6777 -176.22 -532
33.873 -181.821 -534
-19.3418 -132.341 -535
-8.13867 -157.548 -535
32.0059 -152.88 -541
37.6074 -124.872 -549
-23.0762 -130.474 -550
60.0137 -150.079 -559
-34.2793 -160.349 -563
-16.541 -153.814 -563
31.0723 -190.224 -565
-2.53711 -164.083 -570
42.2754 -141.677 -573
-30.5449 -144.478 -577
-24.0098 -167.817 -580
-23.0762 -179.021 -580
18.002 -167.817 -589
18.9355 -163.149 -608
