-16.1758 -124.884 -11
6.79297 -115.86 -16
-18.6367 -115.04 -21
-32.582 -105.196 -23
19.918 -128.165 -38
21.5586 -91.2511 -38
-5.51172 -118.321 -50
6.79297 -138.009 -51
-3.05078 -101.915 -53
-19.457 -140.47 -67
1.87109 -126.525 -69
-21.918 -125.704 -70
-17.8164 -143.751 -82
-16.1758 -107.657 -82
5.97266 -142.11 -82
8.43359 -129.806 -82
-23.5586 -90.4308 -91
-8.79297 -131.446 -91
-6.33203 -119.142 -102
-1.41016 -148.673 -102
3.51172 -128.985 -105
19.0977 -161.798 -109
-9.61328 -149.493 -114
39.6055 -145.392 -119
-33.4023 -141.29 -126
-29.3008 -115.04 -144
44.5273 -122.423 -147
14.1758 -170.821 -149
-17.8164 -160.157 -150
27.3008 -156.876 -152
-22.7383 -124.884 -156
-32.582 -157.696 -157
27.3008 -131.446 -157
32.2227 -143.751 -168
-26.0195 -126.525 -170
5.97266 -157.696 -171
47.8086 -134.728 -175
-26.0195 -156.876 -178
42.8867 -123.243 -185
-30.9414 -159.337 -195
-22.7383 -138.009 -202
49.4492 -174.923 -203
10.8945 -145.392 -208
45.3477 -133.907 -210
-24.3789 -144.571 -215
56.0117 -165.9 -217
24.8398 -151.134 -217
42.0664 -177.384 -225
-29.3008 -154.415 -238
51.9102 -173.282 -242
4.33203 -162.618 -244
-30.9414 -161.798 -251
40.4258 -169.181 -252
-20.2773 -145.392 -263
26.4805 -173.282 -270
6.79297 -174.923 -272
