-7.15234 -151.134 -161
40.4258 -161.798 -173
60.9345 -196.237 -444.918
-8.73982 -132.988 -117.934
-2.96762 -187.155 -132.93
-55.4671 -183.877 -402.932
33.0784 -179.011 -169.942
51.9486 -199.503 -388.901
83.1656 -203.567 -360.979
-53.8793 -195.406 -402.937
-6.33203 -140.47 -159
41.2461 -145.392 -150
-10.4146 -162.537 -198.998
-11.2539 -163.439 -199
-7.15234 -121.603 -119
-74.3899 -200.346 -373.919
42.1015 -162.554 -169.919
-44.0365 -166.692 -139.923
23.2179 -183.099 -169.938
-7.15234 -137.189 -142
-69.418 -177.334 -353.972
-9.59789 -137.919 -144.997
-9.61328 -133.907 -117
37.1968 -192.899 -176.925
40.4258 -161.798 -170
-5.45919 -140.412 -159.946
41.3 -144.526 -151.932
24.0455 -192.952 -160.972
