2.41797 131.887 -401.6
19.5078 127.102 -406.6
-26.293 143.508 -413.6
1.73438 124.367 -418.6
-16.0391 123.684 -420.6
25.6602 155.129 -421.6
-20.1406 131.203 -427.6
-11.2539 146.242 -429.6
-18.7734 144.191 -444.6
27.0273 152.395 -444.6
-9.20313 115.48 -447.6
28.3945 123 -452.6
-24.9258 135.305 -462.6
-23.5586 125.051 -466.6
41.3828 109.328 -470.6
-30.3945 131.887 -480.6
17.457 121.633 -482.6
-23.5586 105.227 -488.6
40.0156 120.266 -509.6
10.6211 123 -514.6
35.9141 139.406 -514.6
-29.0273 127.785 -516.6
29.0781 135.305 -522.6
8.57031 113.43 -525.6
38.6484 133.938 -533.6
