7.45313 166.836 -279.6
-4.57031 171.266 -288.35
-12.7969 178.859 -302.1
1.75781 159.242 -304.6
27.0703 175.695 -320.85
3.65625 150.383 -322.1
-31.7813 179.492 -332.1
-13.4297 173.164 -343.35
-4.57031 153.547 -343.35
22.0078 164.938 -345.85
-36.8438 158.609 -353.35
-31.1484 170 -357.1
-22.9219 140.258 -363.35
16.9453 150.383 -375.85
-19.125 137.727 -379.6
14.4141 161.773 -380.85
-27.3516 145.32 -395.85
-19.7578 138.359 -400.85
14.4141 171.266 -407.1
11.8828 157.977 -412.1
1.75781 143.422 -415.85
-13.4297 152.281 -417.1
-29.25 151.016 -433.35
11.25 164.938 -440.85
-13.4297 140.891 -443.35
-21.6563 146.586 -454.6
