-13.4285 144.755 -332.016
18.8438 170.633 -382.1
16.9974 174.514 -379.551
20.7422 175.063 -355.85
22.7227 156.154 -327.039
13.7813 161.773 -315.85
34.7499 163.055 -298.296
13.873 159.907 -318.296
5.64761 142.841 -327.076
18.8438 176.328 -387.1
8.12282 184.571 -555.817
-9 165.57 -365.85
-9.56231 164.381 -367.008
19.4766 176.328 -355.85
-7.04639 156.741 -378.256
18.2109 177.594 -357.1
22.0771 141.584 -327.098
21.375 174.43 -388.35
-1.35959 114.976 -368.282
17.5781 170 -387.1
22.0078 178.859 -355.85
21.3861 178.908 -354.577
-10.8984 155.445 -377.1
