26.8555 -135.923 960.5
-41.5039 -158.384 958.5
-26.8555 -155.454 953.5
19.043 -153.501 944.5
32.7148 -153.501 943.5
21.9727 -141.782 942.5
-43.457 -133.97 935.5
-9.27734 -143.735 920.5
22.9492 -109.556 910.5
13.1836 -141.782 879.5
6.34766 -151.548 877.5
19.043 -156.431 873.5
33.6914 -155.454 868.5
24.9023 -124.204 866.5
-13.1836 -149.595 864.5
-1.46484 -166.196 860.5
32.7148 -124.204 849.5
33.6914 -112.485 836.5
-42.4805 -167.173 835.5
-50.293 -146.665 834.5
-16.1133 -151.548 830.5
-28.8086 -141.782 828.5
-55.1758 -146.665 821.5
-39.5508 -131.04 819.5
-55.1758 -125.181 817.5
33.6914 -115.415 813.5
27.832 -170.103 811.5
-59.082 -143.735 809.5
-38.5742 -132.017 807.5
45.4102 -142.759 806.5
-8.30078 -162.29 802.5
12.207 -134.946 798.5
-12.207 -183.775 795.5
-44.4336 -130.064 793.5
-46.3867 -160.337 792.5
29.7852 -126.157 785.5
18.0664 -174.009 777.5
-23.9258 -181.821 776.5
-42.4805 -154.478 774.5
-63.9648 -158.384 772.5
-15.1367 -164.243 772.5
7.32422 -181.821 767.5
-45.4102 -183.775 764.5
21.9727 -181.821 762.5
37.5977 -157.407 761.5
-41.5039 -144.712 759.5
-59.082 -166.196 755.5
-20.0195 -173.032 752.5
23.9258 -147.642 748.5
-3.41797 -178.892 746.5
-38.5742 -156.431 742.5
-41.5039 -143.735 741.5
-60.0586 -169.126 738.5
17.0898 -160.337 735.5
14.1602 -148.618 733.5
35.6445 -153.501 732.5
-35.6445 -146.665 727.5
-26.8555 -159.36 727.5
-52.2461 -131.04 726.5
-46.3867 -188.657 722.5
-20.9961 -158.384 714.5
-52.2461 -183.775 709.5
-0.488281 -164.243 703.5
-20.0195 -157.407 701.5
38.5742 -157.407 699.5
24.9023 -151.548 689.5
-8.30078 -156.431 684.5
