10.9609 102.543 -104.6
25.9219 116.756 -109.6
13.2051 120.496 -110.6
13.9531 111.52 -122.6
5.72461 133.961 -134.6
9.46484 127.229 -134.6
-23.4492 90.5742 -150.6
2.73242 145.182 -160.6
0.488281 119 -169.6
6.47266 160.143 -185.6
-6.24414 120.496 -186.6
40.1348 148.174 -188.6
-4 114.512 -195.6
0.488281 155.654 -197.6
-4 132.465 -198.6
-1.00781 148.922 -205.6
39.3867 119.748 -215.6
27.418 120.496 -219.6
54.3477 138.449 -219.6
20.6855 154.158 -227.6
53.5996 157.15 -227.6
-41.4023 133.213 -236.6
-8.48828 176.6 -251.6
79.7813 148.174 -288.6
