20.3438 31.1719 -78.5
42.6094 7.125 -77.25
-7.26563 -0.890625 -78.5
-21.5156 -20.4844 -101
22.125 35.625 -101
21.2344 40.0781 -114.75
7.875 -9.79688 -126
24.7969 43.6406 -126
-5.48438 44.5313 -128.5
15 -47.2031 -128.5
6.98438 -48.9844 -132.25
15.8906 53.4375 -138.5
35.4844 37.4063 -138.5
21.2344 -31.1719 -152.25
23.0156 -24.9375 -152.25
31.9219 -16.0313 -153.5
23.9063 56.1094 -154.75
12.3281 39.1875 -158.5
30.1406 -26.7188 -161
51.5156 18.7031 -169.75
1.64063 39.1875 -172.25
38.1563 -72.1406 -177.25
39.0469 -78.375 -202.25
-27.75 -77.4844 -222.25
-23.2969 -78.375 -239.75
-48.2344 35.625 -246
-58.0313 -4.45313 -247.25
-60.7031 -16.0313 -248.5
-7.26563 -57 -249.75
-42.8906 58.7813 -252.25
-29.5313 46.3125 -256
89.8125 55.2188 -257.25
88.0313 37.4063 -258.5
73.7813 56.1094 -259.75
96.0469 34.7344 -259.75
106.734 34.7344 -259.75
50.625 36.5156 -263.5
63.9844 50.7656 -263.5
55.9688 41.8594 -264.75
38.1563 35.625 -267.25
42.6094 46.3125 -267.25
-23.2969 57.8906 -272.25
39.0469 56.1094 -277.25
