47.7691 -155.705 555.827
30.5889 -157.389 778.872
30.5078 -158.292 777.8
37.3966 -176.282 542.83
-11.5277 -172.834 624.873
-12.4609 -173.76 617.8
60.665 -195.228 502.883
26.2109 -157.432 613.8
29.6484 -159.151 624.8
25.3516 -158.292 609.8
-60.527 -226.949 403.801
46.0472 -142.755 502.892
8.22551 -157.4 564.847
27.0759 -157.388 612.838
29.6484 -158.292 780.8
23.6328 -156.573 614.8
84.7101 -226.097 403.859
-10.7422 -173.76 623.8
-13.3203 -173.76 622.8
29.7049 -158.289 624.862
61.4458 -169.417 573.809
44.2818 -182.285 490.83
27.9297 -156.573 777.8
25.3516 -155.713 610.8
