-15.8984 -146.26 815.8
13.3203 -152.276 812.8
-9.02344 -144.542 805.8
41.6797 -135.948 799.8
-24.4922 -135.948 795.8
-9.02344 -137.667 794.8
21.9141 -141.963 786.8
46.8359 -141.104 782.8
48.5547 -123.057 780.8
11.6016 -148.838 776.8
45.9766 -149.698 764.8
15.8984 -166.885 757.8
3.00781 -147.12 753.8
-29.6484 -141.963 747.8
21.9141 -144.542 745.8
-20.1953 -126.495 742.8
-3.86719 -139.385 741.8
37.3828 -150.557 740.8
-19.3359 -147.12 737.8
-9.02344 -134.229 728.8
-29.6484 -147.979 726.8
51.1328 -129.073 721.8
-27.0703 -150.557 707.8
-23.6328 -160.87 707.8
-9.88281 -175.479 701.8
33.0859 -123.057 700.8
-27.0703 -136.807 692.8
-9.88281 -176.338 688.8
-34.8047 -155.713 686.8
-9.02344 -150.557 680.8
33.9453 -132.51 677.8
37.3828 -141.104 661.8
-14.1797 -141.104 660.8
-24.4922 -156.573 634.8
35.6641 -146.26 631.8
-27.9297 -140.245 630.8
