-35.1563 -8.78912 -66.25
-14.0626 -21.9727 -71.25
-21.0938 -15.8204 -72.5
14.0624 -23.7305 -75
-22.8516 -27.2461 -76.25
-37.793 -17.5782 -77.5
-19.336 -14.9415 -81.25
21.9726 -9.66803 -82.5
-20.2149 -8.78912 -91.25
10.5468 -17.5782 -93.75
-22.8516 -55.3711 -100
-14.0626 -55.3711 -105
15.8202 0.878845 -110
36.914 -37.793 -118.75
18.457 -65.918 -126.25
-6.1524 -41.3086 -127.5
39.5507 -47.461 -127.5
8.789 1.75775 -133.75
-23.7305 7.03119 -141.25
24.6093 -43.9454 -142.5
16.6992 -37.793 -145
38.6718 -2.63678 -145
-12.3047 7.03119 -160
64.1601 0.878845 -160
-45.7032 -12.3047 -162.5
-41.3086 -8.78912 -163.75
58.0077 15.8202 -171.25
11.4257 2.63666 -175
5.27338 -59.7657 -177.5
-44.8243 -11.4258 -182.5
-52.7344 -8.78912 -185
-58.8868 2.63666 -190
40.4296 -1.75787 -201.25
75.5859 16.6992 -207.5
-0.878967 22.8515 -211.25
21.9726 8.789 -230
-29.004 -106.348 -231.25
39.5507 32.5195 -246.25
75.5859 -13.1837 -247.5
77.3437 -19.336 -248.75
35.1562 23.7304 -255
76.4648 14.9413 -256.25
40.4296 12.3046 -263.75
-14.0626 30.7616 -277.5
-8.78912 16.6992 -280
-38.6719 8.789 -283.75
