5.5 150.984 28.8
-57.1875 129.781 21.8
-12.0156 128.859 20.8
-8.32813 143.609 16.8
-11.0938 121.484 12.8
-49.8125 96.5938 3.79999
-12.9375 106.734 0.799988
-10.1719 148.219 0.799988
-0.953125 96.5938 0.799988
-54.4219 71.7031 -8.20001
-36.9063 93.8281 -22.2
-49.8125 130.703 -49.2
-18.4688 161.125 -62.2
-62.7188 123.328 -73.2
-27.6875 124.25 -91.2
-3.71875 137.156 -92.2
-69.1719 115.953 -96.2
-63.6406 144.531 -116.2
38.6875 158.359 -124.2
-76.5469 80.9219 -136.2
-71.0156 114.109 -141.2
-60.875 68.0156 -144.2
-76.5469 137.156 -147.2
-18.4688 163.891 -152.2
-70.0938 153.75 -160.2
39.6094 159.281 -203.2
