1.28906 -139.931 779
23.6328 -136.493 771
21.9141 -128.759 745
9.88281 -153.681 744
23.6328 -158.837 738
39.9609 -115.009 734
15.0391 -139.072 730
46.8359 -134.775 728
3.00781 -150.243 727
-13.3203 -150.243 718
-30.5078 -122.743 717
33.9453 -129.618 714
-32.2266 -145.087 703
-4.72656 -152.822 699
-15.8984 -173.447 698
33.9453 -155.4 691
-4.72656 -151.962 689
-37.3828 -151.962 687
-27.9297 -138.212 684
34.8047 -116.728 684
21.0547 -175.165 680
-1.28906 -178.603 679
-27.9297 -120.165 677
-12.4609 -139.072 677
-21.9141 -163.993 670
27.9297 -140.79 667
-37.3828 -139.072 663
21.9141 -176.025 663
-6.44531 -175.165 661
45.1172 -128.759 661
-0.429688 -160.556 657
10.7422 -159.697 656
-2.14844 -176.025 650
-14.1797 -154.54 647
-12.4609 -165.712 645
-35.6641 -151.103 641
-15.0391 -146.806 633
-11.6016 -178.603 632
20.1953 -179.462 630
9.02344 -179.462 629
-12.4609 -152.822 616
0.429688 -176.884 614
-22.7734 -156.259 598
