17.4812 6.32813 -293.5
-16.2688 11.25 -309.75
-8.53438 9.14063 -311
-21.8938 22.5 -323.5
10.45 5.625 -323.5
32.95 25.3125 -326
-13.4563 7.73438 -339.75
41.3875 12.6563 -339.75
-15.5656 19.6875 -347.25
40.6844 4.21875 -347.25
1.30937 9.84375 -348.5
32.95 -12.6563 -358.5
-13.4563 4.21875 -366
23.1062 20.3906 -368.5
-24.7063 4.92188 -381
-2.20625 -14.7656 -382.25
-21.1906 -16.875 -387.25
-9.94063 -11.25 -389.75
-28.925 -4.21875 -392.25
32.2469 24.6094 -398.5
-24.7063 22.5 -407.25
-6.425 3.51563 -436
14.6687 -19.6875 -444.75
31.5437 14.7656 -452.25
-6.425 2.10938 -463.5
