7.85352 159.434 161.9
27.4844 103.102 151.9
5.29297 162.848 149.9
6.14648 165.408 144.9
-7.50977 165.408 121.9
-3.24219 173.943 111.9
-10.9238 140.656 105.9
56.5039 89.4453 96.9
44.5547 126.146 95.9
53.0898 78.3496 93.9
59.0645 94.5664 92.9
53.9434 92.8594 91.9
36.0195 116.758 71.9
30.0449 125.293 69.9
13.8281 161.141 66.9
46.2617 27.9922 30.9
18.9492 151.752 18.9
-31.4082 27.9922 17.9
117.104 43.3555 1.89999
47.1152 156.873 -27.1
43.7012 162.848 -34.1
49.6758 168.822 -37.1
34.3125 144.924 -40.1
38.5801 158.58 -42.1
42.8477 165.408 -48.1
