-19.9219 -127.704 -161.8
-16.7969 -133.173 -173.8
-8.98438 -147.236 -189.8
19.1406 -121.454 -191.8
8.20313 -152.704 -197.8
-23.0469 -133.954 -209.8
-7.42188 -152.704 -236.8
-24.6094 -134.736 -239.8
-26.1719 -140.986 -258.8
11.3281 -144.892 -278.8
-41.0156 -176.923 -307.8
12.8906 -183.954 -308.8
17.5781 -173.017 -323.8
35.5469 -162.861 -324.8
-34.7656 -159.736 -326.8
-41.0156 -182.392 -331.8
19.9219 -136.298 -332.8
27.7344 -181.611 -334.8
26.1719 -168.329 -335.8
-30.8594 -160.517 -339.8
9.76563 -180.048 -343.8
-46.4844 -173.017 -346.8
-31.6406 -183.173 -346.8
36.3281 -166.767 -353.8
25.3906 -142.548 -357.8
-9.76563 -178.486 -362.8
-23.8281 -197.236 -368.8
35.5469 -162.079 -368.8
-21.4844 -162.861 -372.8
23.0469 -149.579 -372.8
-34.7656 -186.298 -376.8
-38.6719 -173.798 -380.8
-23.8281 -197.236 -386.8
-2.73438 -198.798 -386.8
-32.4219 -185.517 -387.8
25.3906 -178.486 -390.8
-17.5781 -161.298 -391.8
37.8906 -171.454 -392.8
26.1719 -143.329 -399.8
31.6406 -169.111 -406.8
-21.4844 -164.423 -408.8
9.76563 -196.454 -412.8
9.76563 -175.361 -414.8
-2.73438 -198.798 -419.8
-40.2344 -185.517 -423.8
-26.1719 -190.204 -426.8
33.9844 -145.673 -429.8
42.5781 -162.861 -431.8
8.20313 -164.423 -434.8
36.3281 -186.298 -436.8
-19.9219 -172.236 -438.8
-37.1094 -182.392 -443.8
-32.4219 -173.017 -442.8
33.9844 -172.236 -447.8
-27.7344 -151.142 -448.8
8.98438 -187.861 -448.8
-28.5156 -186.298 -449.8
-22.2656 -165.204 -457.8
25.3906 -182.392 -460.8
6.64063 -173.798 -464.8
26.9531 -161.298 -465.8
-3.51563 -177.704 -467.8
