-27.8515 18.8673 -55
16.172 -0.898316 -71.25
37.7345 -2.69519 -73.75
8.9845 26.0548 -76.25
-8.08582 9.88294 -88.75
-32.3436 -16.1718 -90
2.69544 28.7501 -91.25
-12.578 -3.59363 -92.5
17.0704 -40.4296 -93.75
-3.59363 -20.664 -96.25
16.172 -2.69519 -98.75
-17.0702 -21.5624 -102.5
37.7345 18.8673 -135
-3.59363 37.7345 -142.5
-29.6483 10.7814 -153.75
5.39075 28.7501 -157.5
23.3595 -43.1249 -160
51.2111 -8.08582 -162.5
39.5314 4.49231 -165
8.08606 -45.8202 -166.25
-40.4296 17.0704 -172.5
-18.8671 20.6642 -176.25
27.8517 -85.3515 -176.25
28.7501 30.547 -176.25
61.0939 41.3283 -188.75
-44.9218 -22.4608 -203.75
-47.6171 -36.8358 -206.25
-34.1405 -15.2733 -208.75
-41.328 -51.2108 -211.25
-38.6327 -90.7421 -211.25
-1.79675 15.2736 -227.5
