-28.3496 -142.67 -65
27.166 -136.139 -67
32.8809 -145.936 -70
9.20508 -141.037 -71
24.7168 -150.834 -71
27.166 -138.588 -73
21.4512 -146.752 -80
30.4316 -158.182 -83
39.4121 -156.549 -83
12.4707 -145.119 -98
32.8809 -177.776 -108
6.75586 -176.959 -108
24.7168 -175.326 -108
-22.6348 -164.713 -117
-7.93945 -168.795 -123
-17.7363 -114.096 -130
29.6152 -145.936 -148
-10.3887 -195.737 -149
-62.6387 -123.076 -152
17.3691 -165.53 -156
32.8809 -136.955 -157
-52.8418 -118.178 -160
27.166 -158.182 -166
36.9629 -139.405 -166
-8.75586 -109.198 -167
12.4707 -171.244 -168
34.5137 -152.467 -169
-64.2715 -121.444 -177
-19.3691 -154.916 -179
-70.8027 -157.366 -181
56.5566 -123.893 -184
27.166 -243.905 -187
-58.5566 -153.284 -188
65.5371 -145.119 -188
-21.002 -105.932 -189
-12.0215 -203.901 -189
-48.7598 -106.748 -192
9.20508 -135.323 -194
64.7207 -151.651 -195
-71.6191 -143.487 -197
-59.373 -153.284 -197
36.1465 -152.467 -197
17.3691 -138.588 -202
-26.7168 -203.084 -212
50.8418 -102.666 -213
8.38867 -155.733 -214
-55.291 -118.178 -217
67.1699 -117.362 -217
-66.7207 -150.018 -218
-66.7207 -108.381 -221
67.1699 -132.873 -221
6.75586 -103.483 -222
-24.2676 -132.873 -223
30.4316 -114.096 -223
14.1035 -106.748 -224
-66.7207 -155.733 -225
-81.416 -136.139 -226
-35.6973 -115.729 -226
72.0684 -123.076 -226
-54.4746 -158.182 -229
-53.6582 -105.116 -231
39.4121 -252.885 -231
22.2676 -252.069 -232
63.0879 -135.323 -235
71.252 -131.241 -235
-83.8652 -134.506 -236
-76.5176 -114.912 -236
-80.5996 -123.076 -238
-37.3301 -121.444 -238
54.9238 -105.932 -239
-56.1074 -147.569 -240
11.6543 -110.014 -244
-56.1074 -137.772 -245
-52.8418 -114.096 -256
38.5957 -127.159 -256
54.1074 -110.014 -259
60.6387 -105.116 -268
-69.1699 -105.932 -270
-21.8184 -245.537 -271
-52.8418 -109.198 -273
-4.67383 -109.198 -277
-6.30664 -120.627 -296
22.2676 -138.588 -302
-17.7363 -110.014 -305
17.3691 -111.647 -308
-14.4707 -117.362 -314
38.5957 -118.178 -319
36.9629 -133.69 -321
33.6973 -127.159 -325
-15.2871 -117.362 -328
35.3301 -138.588 -328
18.1855 -113.28 -330
-36.5137 -127.975 -331
26.3496 -127.975 -331
-15.2871 -141.854 -332
36.1465 -118.994 -332
