-21.8184 -131.241 -80
-21.8184 -142.67 -85
-25.084 -127.159 -95
-20.1855 -120.627 -106
-18.5527 -151.651 -114
-23.4512 -142.67 -116
-12.0215 -153.284 -120
-1.4082 -192.471 -125
-17.7363 -149.201 -127
-6.30664 -190.838 -136
-31.6152 -149.201 -141
-28.3496 -123.076 -146
29.6152 -125.526 -155
-29.9824 -119.811 -157
-61.0059 -136.139 -168
-66.7207 -136.955 -171
-68.3535 -149.201 -177
-9.57227 -132.873 -178
-72.4355 -141.854 -180
69.6191 -131.241 -186
70.4355 -141.037 -187
59.0059 -117.362 -188
72.0684 -124.709 -188
-68.3535 -117.362 -190
50.8418 -105.932 -194
59.0059 -104.299 -199
70.4355 -136.139 -207
-27.5332 -108.381 -225
-26.7168 -110.83 -236
68.8027 -110.014 -244
63.0879 -105.932 -247
-70.8027 -125.526 -249
68.8027 -115.729 -252
-67.5371 -110.014 -255
74.5176 -119.811 -255
69.6191 -108.381 -256
-17.7363 -123.893 -257
