18.9663 138.388 -334.689
24.0766 166.467 -366.615
15.1953 150.148 -327.7
-49.0332 127.282 -525.638
24.1238 153.137 -361.634
-2.52344 148.672 -370.7
29.2227 175.988 -378.7
3.38281 148.672 -310.7
-9.13775 151.68 -334.635
15.2693 128.026 -316.609
-11.3828 148.672 -337.7
-2.52344 145.719 -372.7
27.0078 178.203 -373.7
-1.72902 145.072 -334.61
-23.1953 159.008 -364.7
29.9609 177.465 -373.7
0.429688 154.578 -325.7
27.7461 175.25 -382.7
-11.3078 161.984 -363.676
8.59777 128.005 -334.64
29.3177 132.476 -338.636
32.2116 150.977 -284.645
-11.3828 153.102 -342.7
0.441281 144.249 -378.689
-1.78516 147.195 -370.7
28.5762 178.294 -376.626
9.31967 126.532 -344.655
21.8398 167.129 -367.7
15.9755 150.956 -316.691
33.6523 159.746 -367.7
27.7461 176.727 -371.7
24.793 153.84 -362.7
-1.04688 143.504 -378.7
24.0907 136.945 -353.616
-0.967763 138.38 -312.698
