-11.2305 -172.213 -266.5
-48.3398 -181.002 -267.5
3.41797 -169.284 -268.5
-45.4102 -169.284 -271.5
-14.1602 -183.932 -279.5
-29.7852 -164.401 -286.5
42.4805 -201.51 -287.5
26.8555 -174.166 -290.5
25.8789 -190.768 -291.5
21.9727 -211.276 -292.5
4.39453 -167.33 -293.5
78.6133 -179.049 -293.5
78.6133 -196.627 -294.5
17.0898 -177.096 -303.5
60.0586 -171.237 -305.5
65.918 -198.58 -317.5
53.2227 -144.87 -320.5
0.488281 -177.096 -329.5
42.4805 -195.651 -332.5
56.1523 -180.026 -332.5
-29.7852 -162.448 -335.5
-12.207 -160.495 -335.5
60.0586 -169.284 -335.5
57.1289 -150.729 -341.5
45.4102 -194.674 -346.5
10.2539 -202.487 -348.5
46.3867 -178.073 -351.5
-2.44141 -182.955 -360.5
-6.34766 -199.557 -366.5
64.9414 -170.26 -371.5
5.37109 -186.862 -393.5
45.4102 -226.901 -393.5
-11.2305 -201.51 -400.5
20.0195 -232.76 -401.5
5.37109 -186.862 -405.5
20.9961 -222.995 -412.5
45.4102 -166.354 -423.5
-5.37109 -178.073 -428.5
4.39453 -184.909 -431.5
-18.0664 -158.541 -445.5
56.1523 -160.495 -449.5
-0.488281 -174.166 -451.5
53.2227 -162.448 -461.5
3.41797 -172.213 -467.5
