10.7422 111.563 -68.2
28.3203 113.516 -78.2
0.976563 148.672 -83.2
14.6484 124.258 -83.2
-6.83594 146.719 -84.2
24.4141 110.586 -84.2
-20.5078 123.281 -102.2
-31.25 73.4766 -110.2
-18.5547 139.883 -128.2
15.625 148.672 -137.2
15.625 119.375 -138.2
-45.8984 140.859 -152.2
-45.8984 149.648 -154.2
-44.9219 155.508 -156.2
-8.78906 157.461 -159.2
12.6953 168.203 -166.2
51.7578 161.367 -168.2
45.8984 158.438 -178.2
-11.7188 174.063 -285.2
42.9688 160.391 -286.2
38.0859 166.25 -287.2
32.2266 163.32 -292.2
51.7578 172.109 -293.2
