32.4609 154.883 -49.1
50.0391 115.82 -55.1
31.4844 158.789 -57.1
10 152.93 -58.1
10.9766 150.977 -67.1
-10.5078 63.0859 -80.1
-35.8984 165.625 -85.1
13.9063 157.813 -94.1
11.9531 161.719 -117.1
-18.3203 150 -120.1
9.02344 173.438 -121.1
23.6719 89.4531 -124.1
23.6719 145.117 -134.1
7.07031 177.344 -138.1
-4.64844 141.211 -143.1
-16.3672 44.5313 -146.1
28.5547 76.7578 -146.1
-26.1328 89.4531 -204.1
17.8125 191.992 -251.1
61.7578 177.344 -251.1
45.1563 150 -260.1
59.8047 153.906 -264.1
