0.78125 -32.0313 -275
22.6563 -28.9063 -278.75
-28.125 -7.8125 -287.5
-6.25 -39.8438 -305
19.5313 -27.3438 -306.25
-37.5 0.78125 -311.25
16.4063 -11.7188 -313.75
-23.4375 -11.7188 -331.25
11.7188 -8.59375 -331.25
25.7813 -25.7813 -331.25
24.2188 -44.5313 -337.5
19.5313 -56.25 -340
-36.7188 -17.9688 -341.25
25 -15.625 -341.25
-35.9375 -49.2188 -343.75
-14.8438 -50 -355
-32.8125 -50 -363.75
-10.9375 -51.5625 -371.25
-22.6563 -28.125 -377.5
23.4375 -4.6875 -381.25
26.5625 -10.1563 -408.75
-28.9063 -32.0313 -410
29.6875 -25 -417.5
-33.5938 -27.3438 -425
21.0938 -20.3125 -437.5
24.2188 -5.46875 -438.75
20.3125 -44.5313 -448.75
-10.9375 -16.4063 -451.25
-35.1563 -13.2813 -452.5
-28.125 -37.5 -465
