-6.39258 -141.211 -504.5
22.2559 -150.258 -511.5
32.0566 -122.364 -513.5
4.16211 -138.196 -517.5
30.5488 -112.563 -523.5
31.3027 -114.071 -524.5
35.8262 -149.504 -526.5
22.2559 -152.52 -529.5
-1.11523 -138.196 -544.5
-36.5488 -120.856 -545.5
21.502 -127.641 -550.5
32.8105 -129.149 -554.5
28.2871 -166.09 -580.5
19.9941 -114.825 -584.5
-32.7793 -117.086 -585.5
-23.7324 -148.751 -594.5
9.43945 -173.629 -600.5
-31.2715 -125.379 -604.5
-10.1621 -141.965 -604.5
-40.3184 -147.997 -610.5
18.4863 -140.458 -610.5
23.7637 -159.305 -611.5
-29.0098 -165.336 -619.5
17.7324 -134.426 -622.5
10.1934 -166.844 -623.5
-5.63867 -160.059 -627.5
35.0723 -138.95 -632.5
13.209 -138.95 -634.5
44.873 -138.95 -646.5
7.17773 -166.844 -649.5
10.1934 -172.122 -661.5
-7.14648 -167.598 -664.5
-41.8262 -151.012 -666.5
-39.5645 -150.258 -667.5
-40.3184 -150.258 -669.5
-20.7168 -166.844 -682.5
-27.502 -147.997 -691.5
