-1.92569 -4.81436 -242.75
-33.7011 -10.5917 -256.5
19.2579 -8.66593 -257.75
-10.5917 -6.74015 -262.75
-9.62882 -24.0722 -281.5
-26.9609 -8.66593 -295.25
-5.77725 -35.6269 -299
-42.3671 -16.3691 -305.25
-17.3319 -2.88858 -321.5
-34.664 -6.74015 -324
22.1466 -6.74015 -334
-16.3691 -23.1093 -335.25
-21.1835 -11.5546 -356.5
-13.4804 -26.9609 -360.25
4.81455 -59.6991 -380.25
-27.9237 -15.4062 -395.25
-25.998 -17.3319 -407.75
25.9981 2.88876 -411.5
3.85166 -58.7363 -416.5
35.6271 -45.2558 -446.5
-44.2929 9.15527e-005 -451.5
34.6642 -6.74015 -452.75
-43.33 -40.4413 -466.5
42.3673 -6.74015 -469
11.5548 -58.7363 -479
-47.1816 1.92587 -480.25
46.2189 -35.6269 -485.25
-10.5917 -25.0351 -492.75
-8.66593 -53.9218 -494
23.1095 5.77744 -494
-22.1464 -53.9218 -501.5
9.15527e-005 -20.2206 -504
-7.70304 -41.4042 -515.25
-10.5917 -19.2577 -520.25
