-33.7656 142.117 -315
9.35938 166.375 -397
41.7657 123.332 -587.932
-63.4111 110.767 -575.985
43.5852 173.602 -567.952
11.1563 168.172 -349
1.27344 158.289 -306
-38.2262 139.48 -320.905
-17.5206 125.964 -328.904
4.86719 166.375 -409
-58.0104 119.688 -592.944
-58.0054 156.545 -569.96
6.66406 158.289 -350
6.66406 155.594 -334
9.36612 167.353 -395.966
5.76563 139.422 -330
-2.27397 143.922 -304.997
-3.21875 136.727 -324
-2.24012 136.799 -323.93
7.64096 156.509 -332.909
12.968 168.272 -350.916
-1.42188 143.016 -305
8.53824 156.531 -349.901
