12.707 -124.905 -306
-21.4336 -97.0536 -331
24.3867 -125.804 -333
-21.4336 -92.5614 -344
-0.769531 -141.077 -366
17.1992 -145.569 -366
42.3555 -94.3583 -367
32.4727 -113.225 -369
7.31641 -159.046 -374
54.0352 -118.616 -382
46.8477 -129.397 -392
35.168 -149.163 -401
-11.5508 -137.483 -405
74.6992 -134.788 -415
-18.7383 -138.382 -416
-3.46484 -124.905 -418
-21.4336 -127.6 -422
28.8789 -142.874 -432
12.707 -168.929 -433
59.4258 -156.35 -435
57.6289 -122.21 -438
63.918 -149.163 -447
-2.56641 -150.061 -448
-21.4336 -165.335 -449
-5.26172 -153.655 -467
-34.9102 -148.265 -470
32.4727 -147.366 -490
-23.2305 -148.265 -492
-11.5508 -159.046 -505
-19.6367 -142.874 -512
