-16.4064 13.1249 -82
-5.74231 54.9608 -124
5.74206 54.1405 -135
29.5311 -44.297 -135
14.7655 21.328 -136
-2.46106 63.1639 -144
16.4061 54.9608 -155
-44.297 36.0936 -162
-40.1954 50.0389 -165
-2.46106 58.242 -164
-39.3751 -45.1173 -166
17.2264 -52.5001 -166
-14.7657 -13.9454 -167
-0.00012207 -20.5079 -173
38.5545 2.46081 -176
4.92175 42.6561 -178
-38.5548 -50.0392 -181
27.0702 50.0389 -182
-0.820434 65.6248 -183
11.4842 -59.8829 -189
-0.820434 60.703 -194
-56.6017 -5.74231 -224
-59.0626 -23.7892 -225
-59.8829 -36.0939 -230
-60.7032 22.1483 -231
31.992 32.8124 -289
-19.6876 33.6327 -290
37.7342 46.7577 -294
28.7108 48.3983 -299
