8.24023 -141.612 -145
26.7207 -150.366 -163
-7.32227 -135.776 -165
0.458984 -149.393 -165
40.3379 -144.53 -172
14.0762 -145.503 -182
-16.0762 -154.257 -205
-5.37695 -175.655 -206
0.458984 -146.475 -206
29.6387 -172.737 -210
-15.1035 -154.257 -216
28.666 -156.202 -218
19.9121 -139.667 -222
16.0215 -137.721 -234
-11.2129 -162.038 -235
-21.9121 -160.093 -252
30.6113 -124.104 -264
43.2559 -182.464 -264
-29.6934 -139.667 -273
-18.0215 -183.436 -277
46.1738 -173.71 -277
29.6387 -137.721 -280
-13.1582 -161.065 -281
27.6934 -191.218 -281
26.7207 -181.491 -284
-30.666 -182.464 -285
-31.6387 -141.612 -296
34.502 -167.874 -296
32.5566 -141.612 -298
21.8574 -179.546 -302
45.2012 -187.327 -308
-33.584 -148.421 -311
16.0215 -179.546 -313
28.666 -151.339 -319
45.2012 -146.475 -321
-14.1309 -161.065 -322
-34.5566 -152.311 -332
-1.48633 -180.518 -332
33.5293 -157.175 -335
46.1738 -159.12 -335
-20.9395 -158.147 -337
