0.742188 170.742 -263.1
20.0391 154.414 -265.1
2.96875 163.32 -277.1
25.9766 150.703 -277.1
-10.3906 166.289 -280.1
-11.1328 179.648 -281.1
0.742188 152.93 -285.1
20.7813 134.375 -291.1
-10.3906 147.734 -298.1
-9.64844 172.969 -298.1
-7.42188 161.836 -298.1
28.2031 164.805 -299.1
37.8516 144.766 -314.1
-20.0391 157.383 -315.1
27.4609 163.32 -320.1
41.5625 161.094 -321.1
-20.7813 138.828 -326.1
40.8203 140.313 -338.1
-17.8125 132.148 -341.1
29.6875 175.195 -347.1
9.64844 121.016 -350.1
44.5313 135.859 -360.1
30.4297 158.867 -361.1
32.6563 136.602 -369.1
46.0156 122.5 -370.1
5.9375 121.758 -371.1
7.42188 133.633 -371.1
54.9219 135.117 -380.1
34.8828 112.852 -383.1
43.7891 152.93 -384.1
46.7578 121.016 -386.1
45.2734 150.703 -398.1
31.9141 129.922 -405.1
11.1328 126.211 -406.1
26.7188 144.023 -407.1
-28.9453 149.961 -410.1
-1.48438 123.242 -413.1
48.9844 140.313 -415.1
10.3906 111.367 -418.1
-12.6172 113.594 -420.1
34.8828 143.281 -420.1
3.71094 121.758 -426.1
53.4375 151.445 -426.1
12.6172 132.148 -433.1
-23.75 130.664 -434.1
28.9453 136.602 -435.1
-8.16406 135.117 -435.1
3.71094 133.633 -435.1
31.1719 137.344 -436.1
-13.3594 123.984 -438.1
4.45313 146.992 -446.1
