23.4141 150.719 -65.3
-6.85938 158.531 -81.8
-29.3203 110.68 -92.3
12.6719 102.867 -96.8
-34.2031 80.4063 -107.3
-7.83594 104.82 -113.3
-5.88281 93.1016 -131.3
-2.95313 137.047 -131.3
0.953125 88.2188 -132.8
-11.7422 164.391 -138.8
6.8125 80.4063 -138.8
-11.7422 77.4766 -146.3
34.1563 122.398 -155.3
-51.7813 100.914 -219.8
-38.1094 53.0625 -219.8
-74.2422 78.4531 -221.3
33.1797 55.0156 -234.8
56.6172 147.789 -240.8
25.3672 146.813 -254.3
-17.6016 166.344 -260.3
32.2031 163.414 -260.3
21.4609 152.672 -261.8
-42.0156 155.602 -270.8
