25.1706 155.05 -425.789
23.3594 167.563 -404.55
23.3622 168.513 -404.515
33.2518 149.636 -330.741
-12.5546 147.857 -413.256
41.4093 166.691 -389.482
25.1563 137.914 -385.8
16.1719 135.219 -419.55
24.2578 154.984 -424.55
27.9288 158.674 -384.477
25.1563 160.375 -385.8
55.7839 120.929 -313.275
26.0547 156.781 -424.55
29.6906 161.277 -394.519
26.9531 142.406 -327.05
25.1639 146.956 -389.519
19.8142 168.51 -389.544
24.258 142.415 -327.006
-10.7813 146.898 -412.05
19.809 136.215 -419.477
33.2422 149.594 -423.3
41.3281 163.07 -387.05
29.7161 145.139 -376.982
26.9531 152.289 -427.05
