27.8516 149.594 -308.3
1.79688 136.117 -319.55
39.5313 167.563 -322.05
-17.0703 151.391 -330.8
26.9531 185.531 -332.05
-1.79688 122.641 -348.3
37.7344 174.75 -348.3
35.0391 134.32 -355.8
50.3125 174.75 -355.8
13.4766 121.742 -364.55
44.9219 155.883 -365.8
-39.5313 149.594 -375.8
-24.2578 146.898 -375.8
-10.7813 128.031 -377.05
-8.08594 120.844 -392.05
-48.5156 166.664 -398.3
-30.5469 133.422 -399.55
-7.1875 134.32 -409.55
-6.28906 158.578 -413.3
-8.08594 122.641 -414.55
-50.3125 153.188 -428.3
-4.49219 107.367 -429.55
-10.7813 123.539 -430.8
14.375 110.063 -435.8
-54.8047 138.813 -437.05
-26.9531 122.641 -443.3
-0.898438 125.336 -450.8
-18.8672 118.148 -457.05
-0.898438 106.469 -457.05
30.5469 110.961 -469.55
-5.39063 109.164 -488.3
17.9688 118.148 -504.55
17.0703 118.148 -519.55
-1.79688 146 -534.55
