-4.21484 128.922 510.8
-67.7693 92.7322 319.875
-38.3539 161.121 427.804
49.1676 111.15 359.852
-4.15672 134.446 550.873
40.2607 154.996 485.894
13.5586 136.441 552.8
-21.2315 139.257 550.878
-86.8889 94.0806 396.828
-7.63281 126.871 537.8
-55.4186 157.038 414.815
-17.8119 127.585 528.854
-9.68359 147.379 510.8
26.6405 154.259 483.801
-8.99501 140.624 489.871
-2.79807 137.832 510.883
-43.7739 146.787 487.864
9.51819 150.199 550.864
-51.3666 172.032 454.889
-13.7293 156.963 550.826
34.75 152.848 533.8
28.5977 159 571.8
23.1289 162.418 535.8
51.1669 129 383.882
57.3617 112.573 373.803
71.6921 101.629 359.865
5.42389 131.003 528.81
-9.63648 139.909 472.888
29.9682 172.743 603.821
15.6094 130.973 518.8
23.8395 152.85 528.801
21.7617 156.949 547.8
38.8903 174.097 476.87
-50.6629 148.769 402.86
31.3391 162.42 576.889
29.2813 163.102 585.8
-15.7985 173.406 457.877
-52.0224 148.778 460.879
-0.113281 126.871 525.8
11.5078 148.063 554.8
28.5977 152.848 516.8
21.0781 150.797 530.8
-22.6327 136.524 528.886
-37.6899 169.29 472.84
-41.0619 144.673 472.849
