10.1406 167.203 718.8
9.45703 160.367 705.8
12.1914 156.949 694.8
-10.3672 182.926 692.8
-9.68359 180.875 688.8
21.7617 159.684 687.8
-27.457 197.281 681.8
-28.1406 180.875 676.8
23.1289 152.164 674.8
4.67188 156.266 673.8
25.1797 167.203 670.8
-39.7617 178.141 668.8
13.5586 148.063 658.8
20.3945 183.609 658.8
-21.3047 171.305 655.8
29.9648 167.203 649.8
32.0156 167.887 646.8
32.6992 166.52 645.8
16.293 176.773 640.8
-22.6719 177.457 636.8
13.5586 152.848 635.8
-13.7852 143.277 629.8
-35.6602 178.824 620.8
25.8633 180.191 621.8
-13.7852 167.203 618.8
-24.0391 181.559 617.8
-21.9883 156.949 610.8
-6.26563 139.176 606.8
-11.7344 157.633 602.8
-23.3555 167.887 601.8
-13.1016 149.43 596.8
16.293 157.633 590.8
14.9258 138.492 580.8
-24.0391 145.328 578.8
-15.1523 144.645 578.8
25.8633 142.594 570.8
16.9766 160.367 562.8
16.9766 138.492 539.8
10.1406 151.48 499.8
