43.4246 -165.325 -645.906
-1.87782 -122.419 -343.96
34.0173 -134.909 -638.921
37.8906 -153.697 -472
28.5156 -146.666 -417
19.1406 -138.853 -489
39.5271 -137.22 -479.978
28.5679 -145.05 -599.976
26.9656 -123.91 -589.93
26.1719 -147.447 -416
20.8024 -138.771 -533.923
-7.35249 -127.912 -365.998
19.9219 -141.197 -529
20.7031 -140.416 -531
24.6387 -139.59 -449.923
36.3281 -141.197 -468
35.5723 -173.214 -687.945
18.3594 -144.322 -502
24.6094 -145.103 -562
27.7973 -113.048 -298.984
36.3343 -133.302 -449.968
37.1094 -132.603 -457
19.1805 -146.624 -505.967
23.8281 -134.166 -474
19.9672 -148.913 -548.998
38.6719 -131.041 -476
26.1719 -145.103 -415
20.7031 -138.853 -534
25.3906 -149.009 -414
27.7838 -147.429 -415.978
28.5156 -133.384 -462
24.6412 -138.829 -484.944
36.3281 -141.978 -492
27.7896 -143.503 -472.962
-9.76563 -128.697 -374
