24.6094 -141.978 -356
27.7344 -127.134 -369
24.6094 -144.322 -377
7.42188 -161.509 -380
32.4219 -162.291 -382
36.3281 -132.603 -388
-11.3281 -170.103 -396
37.1094 -161.509 -396
27.7344 -169.322 -397
-2.73438 -139.634 -398
27.7344 -141.197 -399
44.1406 -149.009 -401
-3.51563 -158.384 -405
21.4844 -126.353 -419
-22.2656 -131.822 -422
5.85938 -151.353 -423
0.390625 -164.634 -424
-12.1094 -172.447 -427
26.9531 -127.134 -432
-14.4531 -173.228 -439
37.1094 -155.259 -442
17.5781 -163.072 -450
-18.3594 -166.197 -453
-21.4844 -175.572 -462
-7.42188 -173.228 -462
-5.07813 -148.228 -466
7.42188 -164.634 -470
-2.73438 -163.853 -471
30.0781 -121.666 -471
17.5781 -176.353 -473
1.17188 -178.697 -482
-24.6094 -166.197 -493
4.29688 -178.697 -507
34.7656 -128.697 -508
-35.5469 -147.447 -509
28.5156 -156.822 -512
0.390625 -180.259 -513
8.98438 -155.259 -515
8.98438 -177.916 -524
-25.3906 -143.541 -526
-26.1719 -144.322 -537
