22.1797 176.098 -254.8
29.9609 142.055 -255.8
29.9609 170.262 -265.8
16.3438 135.246 -266.8
30.9336 144.973 -269.8
30.9336 128.438 -278.8
-21.5898 153.727 -281.8
32.8789 158.59 -296.8
-11.8633 144 -301.8
32.8789 117.738 -301.8
-15.7539 121.629 -322.8
27.043 131.355 -331.8
-10.8906 131.355 -337.8
-34.2344 145.945 -341.8
42.6055 136.219 -342.8
17.3164 90.5039 -354.8
-12.8359 136.219 -357.8
38.7148 131.355 -359.8
-28.3984 134.273 -362.8
-20.6172 121.629 -362.8
21.207 115.793 -362.8
27.043 139.137 -365.8
28.0156 127.465 -383.8
44.5508 124.547 -389.8
17.3164 113.848 -393.8
