-5.26563 -148.201 -257.5
41.6094 -131.794 -260.5
8.79688 -145.857 -269.5
-16.9844 -126.326 -273.5
46.2969 -116.169 -278.5
-26.3594 -132.576 -285.5
22.8594 -139.607 -286.5
-14.6406 -125.544 -288.5
23.6406 -118.513 -291.5
-14.6406 -147.419 -299.5
-31.8281 -152.107 -308.5
-9.17188 -141.951 -338.5
50.2031 -153.669 -345.5
4.10938 -166.169 -352.5
33.0156 -179.451 -356.5
-11.5156 -163.826 -365.5
34.5781 -134.138 -365.5
21.2969 -177.888 -369.5
-17.7656 -176.326 -378.5
40.0469 -175.544 -382.5
28.3281 -177.888 -388.5
-10.7344 -174.763 -394.5
-32.6094 -141.169 -397.5
15.0469 -179.451 -402.5
-1.35938 -173.982 -403.5
-22.4531 -140.388 -413.5
