11.8945 -142.35 738.7
14.3555 -146.451 719.7
-6.97266 -127.584 718.7
27.4805 -154.655 718.7
-11.8945 -163.678 701.7
2.87109 -148.092 700.7
49.6289 -130.865 700.7
52.9102 -115.28 700.7
-6.97266 -127.584 697.7
28.3008 -157.936 690.7
-32.4023 -127.584 688.7
2.05078 -169.42 687.7
-5.33203 -138.248 685.7
51.2695 -139.889 684.7
-17.6367 -140.709 683.7
-7.79297 -156.295 679.7
34.043 -135.787 678.7
21.7383 -129.225 672.7
52.0898 -150.553 666.7
41.4258 -152.194 664.7
-31.582 -153.014 656.7
6.97266 -162.858 651.7
-14.3555 -139.889 649.7
-27.4805 -143.17 648.7
-39.7852 -148.092 639.7
23.3789 -166.139 638.7
-36.5039 -157.936 636.7
-8.61328 -171.881 630.7
-19.2773 -152.194 626.7
20.0977 -172.701 626.7
-20.0977 -166.139 624.7
-6.97266 -162.037 620.7
2.87109 -165.319 609.7
25.8398 -143.17 608.7
-16.8164 -180.905 603.7
-13.5352 -159.576 601.7
1.23047 -177.623 599.7
-7.79297 -188.287 588.7
-33.2227 -155.475 565.7
30.7617 -178.444 561.7
-4.51172 -168.6 555.7
-4.51172 -166.959 555.7
-8.61328 -147.272 534.7
