-1.40625 -178.281 795
21.0938 -181.094 764
52.0313 -144.531 757
44.5313 -169.844 752
20.1563 -178.281 738
5.15625 -192.344 737
36.0938 -198.906 737
30.4688 -165.156 736
-22.9688 -168.906 727
5.15625 -180.156 720
-37.9688 -152.969 717
-16.4063 -182.031 715
-4.21875 -201.719 711
38.9063 -184.844 709
-37.9688 -154.844 707
-1.40625 -177.344 704
31.4063 -173.594 696
-24.8438 -205.469 691
28.5938 -194.219 691
-3.28125 -178.281 688
-14.5313 -192.344 686
37.9688 -167.969 686
37.9688 -165.156 682
22.9688 -169.844 674
0.46875 -220.469 673
20.1563 -208.281 670
35.1563 -151.094 669
60.4688 -199.844 666
3.28125 -220.469 662
-21.0938 -185.781 658
-11.7188 -197.969 658
22.9688 -214.844 657
-33.2813 -200.781 648
-28.5938 -169.844 648
-17.3438 -199.844 644
1.40625 -219.531 642
33.2813 -173.594 638
7.96875 -225.156 630
-32.3438 -178.281 629
45.4688 -174.531 628
-15.4688 -197.031 621
8.90625 -227.031 610
66.0938 -198.906 609
-7.96875 -198.906 608
-24.8438 -213.906 598
26.7188 -222.344 596
-4.21875 -197.969 580
