43.8945 -141.082 -217
64.5586 -151.863 -218
47.4883 -132.098 -223
29.5195 -150.066 -224
51.9805 -141.98 -229
42.0977 -163.543 -230
34.9102 -135.691 -236
10.6523 -133.895 -240
-6.41797 -135.691 -242
30.418 -124.91 -252
7.05859 -155.457 -256
17.8398 -122.215 -262
-21.6914 -161.746 -264
15.1445 -114.129 -266
26.8242 -123.113 -266
24.1289 -181.512 -267
50.1836 -192.293 -271
35.8086 -106.941 -279
-4.62109 -167.137 -280
14.2461 -129.402 -281
56.4727 -211.16 -282
58.2695 -201.277 -282
5.26172 -175.223 -286
-5.51953 -163.543 -296
3.46484 -194.09 -298
43.8945 -137.488 -305
-1.02734 -132.098 -306
5.26172 -112.332 -311
57.3711 -166.238 -312
-7.31641 -138.387 -314
-17.1992 -124.91 -316
-1.92578 -201.277 -318
8.85547 -115.926 -319
14.2461 -201.277 -321
-3.72266 -90.7695 -326
5.26172 -110.535 -327
6.16016 -196.785 -327
-13.6055 -124.012 -329
-18.0977 -129.402 -330
-8.21484 -163.543 -330
-12.707 -140.184 -331
10.6523 -199.48 -334
-11.8086 -174.324 -334
-1.02734 -203.973 -336
25.0273 -206.668 -338
-14.5039 -117.723 -338
-2.82422 -186.902 -338
66.3555 -136.59 -338
-9.11328 -179.715 -339
69.9492 -153.66 -341
-45.0508 -106.043 -345
-0.128906 -195.887 -347
37.6055 -236.316 -348
-27.082 -133.895 -349
3.46484 -109.637 -350
-17.1992 -108.738 -353
-20.793 -213.855 -354
-44.1523 -113.23 -357
-31.5742 -213.855 -358
-20.793 -141.98 -360
20.5352 -215.652 -363
-38.7617 -129.402 -364
-29.7773 -138.387 -370
-19.8945 -123.113 -371
64.5586 -115.027 -371
-36.9648 -215.652 -373
-41.457 -111.434 -376
-38.7617 -139.285 -377
42.9961 -242.605 -377
-27.9805 -138.387 -380
-36.0664 -124.91 -381
-21.6914 -212.957 -381
-35.168 -112.332 -383
-25.2852 -105.145 -383
37.6055 -238.113 -383
-46.8477 -218.348 -384
12.4492 -97.0586 -385
-54.9336 -157.254 -386
-11.8086 -110.535 -387
-50.4414 -149.168 -389
-23.4883 -115.926 -389
18.7383 -115.027 -389
85.2227 -133.895 -391
-15.4023 -104.246 -392
-53.1367 -177.918 -394
42.0977 -243.504 -394
-36.0664 -95.2617 -396
-19.8945 -161.746 -397
-17.1992 -138.387 -397
10.6523 -221.941 -397
-21.6914 -190.496 -398
-50.4414 -133.895 -399
29.5195 -238.113 -399
48.3867 -239.91 -399
-9.11328 -227.332 -400
-63.0195 -194.988 -403
11.5508 -99.7539 -403
-11.8086 -98.8555 -404
12.4492 -117.723 -405
74.4414 -124.012 -405
-51.3398 -210.262 -406
7.05859 -119.52 -412
8.85547 -126.707 -420
11.5508 -106.043 -421
-0.128906 -109.637 -425
76.2383 -100.652 -453
61.8633 -107.84 -457
