-14.7109 145.133 816.2
-13.9492 135.23 816.2
2.80859 133.707 816.2
18.8047 139.039 808.2
18.8047 147.418 808.2
-10.1406 112.379 807.2
-10.9023 132.184 804.2
-15.4727 139.801 802.2
22.6133 139.801 799.2
19.5664 145.895 784.2
-19.2813 132.945 785.2
21.8516 138.277 785.2
11.9492 142.086 783.2
1.28516 117.711 781.2
9.66406 153.512 777.2
4.33203 132.184 776.2
-17.7578 129.137 767.2
29.4688 105.523 767.2
-5.57031 156.559 765.2
-29.9453 106.285 764.2
5.09375 161.891 760.2
21.0898 103.238 760.2
23.375 73.5313 756.2
-5.57031 160.367 752.2
11.1875 94.8594 752.2
13.4727 148.18 751.2
11.1875 94.8594 745.2
4.33203 93.3359 738.2
36.3242 173.316 738.2
-11.6641 142.848 734.2
8.90234 81.1484 733.2
27.1836 169.508 728.2
-7.85547 89.5273 725.2
30.9922 171.793 717.2
14.9961 165.699 715.2
5.85547 170.27 704.2
-7.09375 160.367 703.2
26.4219 41.5391 703.2
21.0898 168.746 702.2
-71.8398 110.855 687.2
-5.57031 187.027 687.2
7.37891 154.273 668.2
24.8984 161.891 666.2
5.85547 160.367 659.2
-3.28516 168.746 636.2
58.4141 158.844 635.2
0.523438 178.648 623.2
