6.73828 -152.141 731.1
-2.24609 -171.008 720.1
33.6914 -161.125 714.1
40.8789 -143.157 711.1
8.53516 -158.43 709.1
28.3008 -166.516 689.1
35.4883 -135.071 679.1
-17.5195 -150.344 665.1
9.43359 -188.977 644.1
36.3867 -142.258 643.1
-30.9961 -180.891 641.1
-13.0273 -188.079 639.1
-23.8086 -198.86 635.1
-31.8945 -161.125 631.1
3.14453 -197.063 628.1
-42.6758 -141.36 622.1
6.73828 -174.602 618.1
-32.793 -199.758 615.1
-13.0273 -190.774 613.1
-31.8945 -166.516 611.1
24.707 -143.157 610.1
8.53516 -188.977 605.1
-45.3711 -146.75 599.1
0.449219 -163.821 597.1
-32.793 -174.602 596.1
21.1133 -148.547 589.1
-29.1992 -164.719 583.1
26.5039 -151.243 574.1
-30.9961 -175.5 573.1
