6.88672 167.457 -416.8
16.457 167.457 -441.8
28.0781 192.75 -449.8
-30.7109 191.383 -455.8
9.62109 172.926 -459.8
30.1289 200.953 -460.8
27.3945 179.762 -461.8
18.5078 168.141 -465.8
20.5586 200.27 -468.8
-15.6719 187.281 -470.8
32.8633 194.117 -476.8
7.57031 156.52 -477.8
-7.46875 183.18 -479.8
-10.8867 166.09 -482.8
22.6094 179.078 -484.8
-6.78516 181.129 -497.8
22.6094 201.637 -501.8
-28.6602 177.027 -518.8
32.1797 170.191 -523.8
17.1406 164.039 -526.8
18.5078 177.711 -531.8
-34.1289 185.23 -535.8
16.457 162.672 -540.8
24.6602 177.027 -544.8
-37.5469 164.039 -558.8
-26.6094 177.027 -563.8
-14.3047 166.09 -570.8
-27.9766 180.445 -581.8
29.4453 192.75 -588.8
-12.9375 175.66 -590.8
-34.8125 188.648 -592.8
-28.6602 179.762 -597.8
13.0391 156.52 -603.8
27.3945 151.051 -604.8
34.9141 187.965 -606.8
22.6094 191.383 -609.8
-34.8125 159.938 -611.8
-37.5469 171.559 -612.8
-6.10156 148.316 -614.8
-4.05078 180.445 -616.8
-30.0273 184.547 -620.8
15.0898 151.734 -621.8
-17.7227 158.57 -622.8
5.51953 159.938 -623.8
14.4063 177.711 -627.8
0.0507813 167.457 -633.8
10.3047 190.699 -635.8
-2.68359 177.027 -636.8
17.8242 170.191 -642.8
8.25391 172.242 -645.8
-22.5078 176.344 -646.8
