-8.16406 -122.612 -34.2
15.0391 -117.456 -41.2
45.9766 -123.472 -51.2
33.0859 -128.628 -52.2
47.6953 -111.44 -69.2
-9.88281 -127.768 -78.2
51.1328 -128.628 -80.2
52.8516 -108.003 -81.2
35.6641 -129.487 -82.2
5.58594 -126.05 -89.2
25.3516 -135.503 -89.2
-15.8984 -99.4091 -93.2
39.1016 -126.05 -93.2
45.9766 -139.8 -102.2
51.1328 -101.128 -103.2
-21.9141 -115.737 -104.2
-12.4609 -124.331 -108.2
49.4141 -124.331 -121.2
-24.4922 -104.565 -125.2
2.14844 -135.503 -129.2
34.8047 -137.222 -131.2
38.2422 -149.253 -131.2
46.8359 -126.05 -132.2
-35.6641 -120.034 -134.2
-2.14844 -165.581 -138.2
-38.2422 -134.643 -139.2
-20.1953 -126.909 -144.2
-22.7734 -145.815 -146.2
-37.3828 -138.081 -150.2
-15.8984 -116.597 -150.2
52.8516 -126.909 -159.2
-15.8984 -150.972 -160.2
42.5391 -142.378 -163.2
41.6797 -105.425 -165.2
66.6016 -126.05 -167.2
-3.00781 -169.018 -170.2
-8.16406 -144.097 -172.2
43.3984 -128.628 -178.2
-12.4609 -150.112 -192.2
39.9609 -179.331 -203.2
18.4766 -178.472 -207.2
64.8828 -153.55 -213.2
-4.72656 -153.55 -215.2
40.8203 -142.378 -218.2
-17.6172 -128.628 -220.2
41.6797 -141.518 -220.2
44.2578 -142.378 -227.2
-21.9141 -148.393 -225.2
-21.9141 -168.159 -228.2
37.3828 -147.534 -229.2
34.8047 -147.534 -231.2
37.3828 -146.675 -231.2
9.88281 -173.315 -236.2
-9.02344 -169.878 -239.2
-23.6328 -145.815 -240.2
44.2578 -143.237 -244.2
-27.0703 -173.315 -249.2
42.5391 -169.878 -249.2
-0.429688 -156.128 -250.2
41.6797 -170.737 -251.2
8.16406 -171.597 -252.2
43.3984 -146.675 -258.2
-11.6016 -152.69 -262.2
21.9141 -169.018 -272.2
-18.4766 -135.503 -276.2
-27.0703 -150.112 -280.2
22.7734 -180.19 -281.2
51.1328 -164.722 -282.2
12.4609 -138.081 -289.2
-16.7578 -152.69 -294.2
8.16406 -161.284 -296.2
35.6641 -153.55 -301.2
