21.9227 -154.314 -139.143
3.00781 -153.55 -178.2
38.2748 -163.854 -138.121
33.9453 -162.143 -135.2
45.9766 -163.003 -150.2
35.7054 -180.156 -322.198
51.1328 -151.831 -134.2
77.8245 -156.935 -98.1919
44.3224 -161.236 -150.131
8.16406 -159.565 -190.2
7.3709 -141.434 -104.119
10.8354 -154.387 -188.181
-3.81411 -150.111 -135.151
6.44531 -141.518 -99.2
-59.6651 -188.71 -343.2
89.8802 -173.289 -137.139
12.4609 -144.097 -159.2
37.4811 -186.166 -122.143
-16.7521 -153.501 -102.13
-21.9093 -161.223 -138.108
-82.853 -213.629 -361.149
-15.7999 -152.677 -330.107
62.3569 -157.825 -150.116
56.3122 -150.071 -122.187
10.8204 -144.916 -172.122
