59.9219 137.117 -36.4
5.11719 116.453 -45.4
24.8828 156.883 -55.4
23.9844 159.578 -65.4
41.0547 115.555 -66.4
23.9844 164.969 -81.4
2.42188 137.117 -98.4
9.60938 175.75 -101.4
24.8828 171.258 -103.4
-9.25781 163.172 -118.4
-2.07031 148.797 -130.4
13.2031 185.633 -132.4
29.375 166.766 -132.4
69.8047 161.375 -140.4
17.6953 187.43 -143.4
48.2422 91.2969 -144.4
54.5313 147 -152.4
28.4766 182.039 -160.4
36.5625 151.492 -160.4
-41.6016 141.609 -182.4
-46.0938 152.391 -183.4
23.9844 189.227 -183.4
66.2109 162.273 -199.4
44.6484 26.6094 -206.4
51.8359 25.7109 -212.4
102.148 153.289 -255.4
68.9063 149.695 -279.4
59.0234 150.594 -280.4
36.5625 155.984 -282.4
-20.0391 151.492 -287.4
-4.76563 174.852 -288.4
32.0703 180.242 -292.4
