-14.1602 -133.88 -24.4
16.1133 -161.224 -27.4
-20.0195 -161.224 -29.4
22.9492 -170.013 -31.4
-26.8555 -165.13 -32.4
-15.1367 -167.084 -33.4
-9.27734 -170.99 -35.4
32.7148 -163.177 -39.4
-12.207 -179.779 -41.4
-24.9023 -184.662 -46.4
25.8789 -182.709 -47.4
3.41797 -129.974 -50.4
-23.9258 -198.334 -60.4
-13.1836 -229.584 -97.4
21.9727 -233.49 -100.4
-21.9727 -129.974 -111.4
-2.44141 -116.302 -112.4
-33.6914 -202.24 -130.4
-3.41797 -197.357 -131.4
-41.5039 -139.74 -133.4
36.6211 -111.42 -135.4
8.30078 -116.302 -140.4
28.8086 -116.302 -142.4
62.9883 -125.091 -143.4
13.1836 -115.326 -153.4
-13.1836 -126.068 -156.4
-61.0352 -177.826 -179.4
-60.0586 -165.13 -180.4
-53.2227 -161.224 -180.4
-57.1289 -151.459 -195.4
-57.1289 -132.904 -246.4
-23.9258 -138.763 -257.4
58.1055 -139.74 -261.4
