40.6309 -153.263 -458
37.4277 -136.447 -464
34.2246 -142.853 -474
15.0059 -161.271 -489
11.002 -150.06 -490
18.209 -166.876 -492
10.2012 -150.06 -495
1.39258 -166.876 -501
-6.61523 -170.88 -503
32.623 -126.036 -508
47.0371 -189.298 -513
15.0059 -173.283 -520
25.416 -172.482 -521
18.209 -140.451 -522
49.4395 -137.247 -523
49.4395 -198.908 -527
19.0098 -141.251 -529
31.0215 -172.482 -533
-12.2207 -194.103 -539
-6.61523 -130.04 -539
23.0137 -124.435 -539
29.4199 -115.626 -541
17.4082 -188.497 -544
23.8145 -130.841 -557
19.0098 -136.447 -561
28.6191 -112.423 -562
28.6191 -110.822 -577
0.591797 -196.505 -579
-32.2402 -198.107 -595
0.591797 -202.111 -598
-48.2559 -138.048 -615
-41.8496 -129.24 -617
-17.0254 -157.267 -618
-12.2207 -197.306 -624
23.8145 -130.841 -624
-4.21289 -146.056 -625
