0.363281 -123.348 -654
-14.9102 -121.551 -657
20.1289 -110.77 -658
8.44922 -142.215 -670
31.8086 -120.652 -674
48.8789 -125.145 -677
3.05859 -110.77 -683
47.082 -99.9883 -685
-9.51953 -103.582 -699
-1.43359 -144.91 -699
37.1992 -119.754 -712
-12.2148 -119.754 -713
44.3867 -144.012 -713
46.1836 -88.3086 -713
56.9648 -139.52 -715
31.8086 -156.59 -721
6.65234 -154.793 -727
-31.9805 -144.012 -732
-11.3164 -147.605 -732
-21.1992 -145.809 -742
-17.6055 -133.23 -745
-7.72266 -173.66 -749
-7.72266 -130.535 -754
-25.6914 -136.824 -758
-25.6914 -113.465 -760
25.5195 -173.66 -761
28.2148 -113.465 -771
30.9102 -127.84 -774
37.1992 -176.355 -775
-11.3164 -148.504 -794
36.3008 -171.863 -797
38.9961 -124.246 -810
-31.082 -127.84 -815
-8.62109 -147.605 -820
36.3008 -138.621 -836
-26.5898 -135.926 -837
-23.8945 -165.574 -838
11.1445 -137.723 -847
-22.0977 -160.184 -850
