30.7227 154.594 -419.6
15 144.34 -425.6
13.6328 152.543 -433.6
4.0625 157.328 -440.6
53.9648 174.418 -454.6
41.6602 171.684 -458.6
58.75 153.227 -478.6
21.1523 131.352 -480.6
-9.60938 166.898 -482.6
-11.6602 167.582 -482.6
53.9648 173.051 -483.6
49.1797 142.289 -493.6
-4.82422 164.164 -498.6
43.7109 150.492 -500.6
35.5078 166.898 -499.6
51.2305 160.746 -500.6
41.6602 149.809 -503.6
43.0273 150.492 -503.6
43.0273 133.402 -505.6
21.8359 131.352 -512.6
26.6211 143.656 -512.6
6.11328 136.82 -518.6
46.4453 158.012 -519.6
54.6484 153.227 -538.6
34.1406 153.91 -540.6
45.7617 152.543 -545.6
22.5195 122.465 -560.6
35.5078 128.617 -565.6
27.3047 138.871 -578.6
19.1016 127.934 -579.6
29.3555 138.188 -582.6
40.9766 149.125 -580.6
20.4688 142.973 -590.6
