10.9175 151.875 -513.586
44.3945 151.176 -438.6
20.526 140.326 -467.561
6.89549 173.077 -442.589
60.811 123.231 -718.549
56.1125 151.884 -704.502
44.4138 145.779 -442.525
38.9258 151.859 -558.6
14.3164 145.707 -448.6
2.69531 171.684 -443.6
17.0538 124.595 -455.554
64.9319 163.508 -514.562
47.2031 145.075 -467.506
-9.52948 117.049 -490.57
-30.0648 174.422 -686.573
110.733 149.883 -497.535
43.7109 145.707 -442.6
24.5703 142.973 -496.6
17.0508 172.367 -409.6
15.7779 148.508 -486.526
20.4688 139.555 -466.6
12.2656 145.023 -504.6
43.0273 162.797 -473.6
10.9634 146.403 -532.563
42.3724 162.893 -473.586
14.4021 147.8 -503.592
9.54159 152.64 -516.563
10.3072 172.388 -430.54
12.9492 145.023 -507.6
43.7109 135.453 -559.6
23.2031 141.605 -497.6
-34.8365 128.001 -718.507
51.9218 149.906 -452.583
43.7109 147.074 -467.6
44.4882 151.251 -596.532
11.582 170.316 -428.6
21.1523 136.82 -456.6
51.9141 151.176 -455.6
25.9375 137.504 -442.6
44.4387 124.609 -453.571
47.1782 144.357 -455.574
6.79688 136.82 -497.6
43.0273 148.441 -465.6
21.1523 142.973 -494.6
34.9217 115.637 -459.554
51.9141 150.492 -453.6
48.4961 134.086 -556.6
-30.7147 191.522 -660.571
-13.6996 160.109 -626.513
42.3438 136.82 -557.6
47.1289 144.34 -476.6
47.8912 134.162 -442.507
40.3684 151.258 -561.594
45.7617 134.086 -558.6
47.8125 137.504 -557.6
43.0273 161.43 -472.6
8.16406 146.391 -468.6
-23.913 115.687 -485.533
48.584 136.904 -557.562
80.022 134.84 -680.548
16.4203 174.418 -408.514
19.1589 138.881 -455.501
22.5195 142.973 -494.6
44.3945 139.555 -556.6
49.8633 138.871 -556.6
10.8984 146.391 -504.6
9.53125 145.023 -530.6
44.4151 164.882 -611.598
44.3945 144.34 -462.6
50.5469 141.605 -468.6
