25.457 151.797 -22.7999
-23.0781 133.34 -42.7999
22.0391 140.859 -47.7999
13.8359 144.961 -54.0499
23.4063 138.809 -54.0499
87.6641 135.391 -54.0499
32.9766 174.355 -55.2999
-8.03906 133.34 -57.7999
51.4336 151.113 -61.5499
51.4336 179.141 -64.0499
89.0313 127.871 -64.0499
-3.9375 140.859 -66.5499
27.5078 177.09 -67.7999
61.0039 118.301 -72.7999
9.73438 153.848 -75.2999
52.8008 119.668 -75.2999
56.2188 140.176 -75.2999
60.3203 151.113 -75.2999
71.2578 150.43 -80.2999
63.0547 140.859 -81.5499
16.5703 152.48 -84.0499
59.6367 145.645 -84.0499
-36.75 187.344 -85.2999
71.2578 155.898 -85.2999
73.3086 144.277 -86.5499
61.6875 163.418 -87.7999
93.1328 140.176 -87.7999
58.2695 104.629 -90.2999
62.3711 156.582 -90.2999
79.4609 190.078 -90.2999
84.2461 106.68 -90.2999
71.2578 121.035 -91.5499
74.6758 128.555 -91.5499
12.4688 149.063 -95.2999
54.168 99.1602 -94.0499
74.6758 101.211 -99.0499
76.043 113.516 -100.3
73.3086 133.34 -100.3
5.63281 91.6406 -105.3
17.9375 175.039 -107.8
69.207 151.797 -105.3
71.9414 196.914 -106.55
82.1953 178.457 -106.55
23.4063 183.926 -107.8
82.1953 131.289 -109.05
76.7266 126.504 -110.3
76.7266 131.289 -110.3
38.4453 188.027 -111.55
58.2695 95.0586 -111.55
86.2969 199.648 -111.55
72.625 134.023 -114.05
84.9297 180.508 -114.05
70.5742 127.188 -116.55
-43.5859 114.883 -117.8
21.3555 176.406 -119.05
35.0273 172.988 -122.8
63.7383 147.695 -120.3
78.7773 119.668 -120.3
79.4609 199.648 -120.3
82.8789 158.633 -120.3
60.3203 103.945 -122.8
81.5117 91.6406 -122.8
29.5586 172.988 -124.05
74.6758 123.77 -126.55
-25.1289 148.379 -129.05
17.2539 175.039 -129.05
50.0664 155.898 -129.05
13.1523 186.66 -141.55
79.4609 166.152 -142.8
41.8633 181.875 -146.55
7 196.23 -152.8
35.7109 173.672 -156.55
64.4219 167.52 -157.8
84.2461 155.215 -157.8
0.847656 166.152 -160.3
79.4609 90.2734 -160.3
56.2188 173.672 -166.55
39.1289 170.254 -176.55
82.8789 138.809 -176.55
0.164063 175.723 -181.55
43.2305 175.723 -184.05
67.8398 157.949 -187.8
-43.5859 129.922 -189.05
-41.5352 112.148 -189.05
-40.8516 124.453 -189.05
-16.2422 196.23 -189.05
37.7617 192.129 -192.8
-8.03906 189.395 -200.3
67.8398 168.203 -201.55
30.2422 169.57 -204.05
-27.8633 166.152 -205.3
45.9648 162.051 -207.8
-7.35547 189.395 -212.8
27.5078 168.887 -212.8
29.5586 180.508 -212.8
42.5469 166.152 -212.8
48.6992 172.988 -212.8
4.26563 164.102 -215.3
52.1172 191.445 -215.3
