17.2676 145.711 -130.9
4.11133 139.955 -142.15
16.4453 147.355 -154.65
30.4238 154.756 -160.9
-4.93359 171.201 -167.15
9.86719 132.555 -172.15
-9.86719 125.154 -183.4
25.4902 142.422 -187.15
-0.822266 135.021 -192.15
-0.822266 162.979 -197.15
-3.28906 145.711 -203.4
-27.1348 128.443 -204.65
33.7129 152.289 -234.65
25.4902 176.135 -235.9
33.7129 150.645 -235.9
28.7793 134.199 -249.65
22.2012 130.088 -264.65
7.40039 105.42 -265.9
18.9121 111.176 -283.4
39.4688 133.377 -283.4
0.822266 110.354 -285.9
26.3125 125.977 -288.4
18.9121 147.355 -307.15
9.04492 114.465 -309.65
30.4238 113.643 -324.65
