-39.3798 74.2319 -244.623
83.884 98.1039 -442.08
27.957 150.645 -260.9
27.9856 162.234 -214.592
-6.5462 150.711 -228.369
27.9683 132.572 -172.062
-1.56117 139.997 -250.838
-7.40039 121.865 -295.9
-5.72103 131.739 -294.619
23.0914 135.885 -214.62
5.00495 130.958 -280.803
-5.75586 151.467 -227.15
30.4238 133.377 -168.4
28.0195 151.483 -263.314
4.93359 139.133 -258.4
28.7793 136.666 -167.15
-4.93359 131.732 -294.65
11.5117 125.154 -283.4
28.7793 160.512 -213.4
6.58093 135.061 -228.337
57.6421 86.515 -230.868
-9.86719 130.91 -302.15
26.3125 163.801 -210.9
26.3125 160.512 -204.65
-4.11133 132.555 -290.9
34.5571 137.584 -228.337
-23.0234 158.867 -230.9
12.3624 117.821 -178.32
33.7129 149 -213.4
25.4902 162.979 -208.4
7.40039 136.666 -228.4
27.1348 153.111 -262.15
34.5352 136.666 -234.65
41.2066 107.065 -295.877
-19.7123 157.309 -228.312
33.716 149.09 -214.639
23.0234 132.555 -209.65
34.5352 107.064 -294.65
