-4.56641 -175.268 -398
44.6914 -143.44 -321
50.7576 -145.638 -345.977
19.6836 -144.956 -349
-7.54544 -147.944 -366.971
40.1445 -163.143 -413
56.1175 -178.284 -295.946
53.0727 -150.937 -272.906
-6.83984 -176.026 -373
24.2381 -122.976 -314.909
2.31358 -107.788 -271.975
-13.6233 -166.114 -350.934
-3.05078 -108.581 -284
-2.21235 -175.226 -395.905
-16.6914 -169.964 -355
20.5265 -146.372 -349.969
3.03964 -115.35 -289.92
0.738281 -176.784 -403
-10.6113 -152.435 -329.989
46.9777 -154.773 -374.945
3.0801 -114.616 -302.924
42.5164 -140.387 -255.936
-8.27841 -178.229 -295.932
46.207 -150.26 -420
43.2473 -135.066 -317.981
-6.8382 -173.71 -366.957
-1.53516 -109.339 -259
-0.777344 -110.854 -259
28.1006 -104.735 -280.994
10.5898 -154.05 -315
49.2478 -216.094 -400.935
80.3959 -157.807 -272.948
50.7539 -164.659 -418
-10.6289 -156.323 -336
-0.708277 -107.019 -257.958
1.49609 -152.534 -308
-6.81191 -106.3 -284.906
27.2617 -105.55 -279
-0.0195313 -178.3 -402
44.7507 -157.794 -407.988
44.6914 -141.167 -311
-11.3867 -164.659 -401
35.5977 -135.104 -264
28.0455 -160.837 -269.928
-7.59766 -144.198 -367
-0.0195313 -113.128 -305
-9.11328 -150.26 -324
55.3008 -157.839 -351
18.998 -173.676 -337.987
9.85527 -154.03 -309.991
