18.168 -139.651 -272
31.0508 -149.503 -291
-9.11328 -128.284 -294
-0.777344 -149.503 -294
29.5352 -126.768 -294
38.6289 -110.096 -295
3.76953 -141.167 -296
42.418 -147.229 -297
45.4492 -123.737 -306
29.5352 -140.409 -307
-15.1758 -140.409 -308
31.8086 -154.807 -309
-17.4492 -115.401 -317
21.1992 -146.471 -325
15.1367 -155.565 -329
27.2617 -134.346 -330
28.0195 -122.979 -331
-17.4492 -135.104 -335
0.738281 -135.104 -350
6.04297 -179.057 -356
16.6523 -148.745 -367
28.7773 -184.362 -367
-13.6602 -161.628 -374
41.6602 -170.721 -379
-13.6602 -144.956 -382
-3.80859 -157.081 -391
46.9648 -182.846 -394
47.7227 -172.237 -404
