9.61133 -114.823 -221.5
-12.5371 -136.971 -231.5
28.0684 -106.702 -235.5
17.7324 -130.327 -240.5
-0.724609 -113.346 -251.5
38.4043 -119.991 -259.5
27.3301 -130.327 -265.5
41.3574 -105.225 -266.5
41.3574 -121.467 -274.5
2.9668 -118.514 -279.5
19.9473 -122.944 -282.5
26.5918 -134.018 -286.5
43.5723 -134.756 -292.5
6.6582 -120.729 -299.5
32.498 -102.272 -299.5
38.4043 -120.729 -306.5
2.9668 -118.514 -311.5
2.22852 -134.756 -314.5
50.9551 -118.514 -318.5
14.041 -136.233 -322.5
34.7129 -108.917 -323.5
2.22852 -121.467 -335.5
-22.873 -137.71 -343.5
-27.3027 -122.944 -345.5
36.1895 -153.952 -347.5
22.1621 -138.448 -348.5
45.7871 -148.784 -350.5
45.0488 -118.514 -353.5
38.4043 -133.28 -359.5
21.4238 -145.092 -360.5
-28.041 -127.374 -371.5
36.1895 -121.467 -376.5
7.39648 -151.737 -376.5
19.9473 -163.549 -379.5
-9.58398 -162.811 -388.5
22.1621 -144.354 -388.5
-14.0137 -145.092 -392.5
5.91992 -148.046 -399.5
36.1895 -123.682 -399.5
-2.20117 -141.401 -414.5
