-29.0938 169.359 15.85
-21.75 159.078 14.6
-40.1094 148.797 13.35
-20.2813 146.594 -0.399963
-17.3438 169.359 -0.399963
-1.1875 164.219 -4.14996
-1.1875 159.813 -14.15
20.8438 171.563 -22.9
-10.7344 171.563 -24.15
28.1875 165.688 -32.9
-34.2344 131.172 -35.4
-31.2969 167.156 -35.4
-10.7344 175.234 -37.9
-39.375 155.406 -44.15
-29.0938 169.359 -50.4
37 156.875 -54.15
17.1719 136.313 -55.4
38.4688 165.688 -57.9
-23.9531 124.563 -70.4
-54.7969 172.297 -74.15
53.1563 129.703 -75.4
-40.8438 120.156 -86.65
44.3438 121.625 -87.9
-42.3125 180.375 -89.15
39.2031 178.906 -90.4
53.8906 173.766 -100.4
-48.9219 173.031 -101.65
44.3438 181.109 -101.65
-10.7344 113.547 -105.4
67.8438 181.109 -120.4
-56.2656 104.734 -131.65
