31.5469 173.191 -241.2
19.2422 161.57 -249.95
-23.1406 164.305 -263.7
-23.8242 165.672 -267.45
-25.875 162.938 -268.7
-9.46875 175.242 -273.7
45.2188 164.988 -281.2
28.8125 151.316 -289.95
-12.8867 168.406 -292.45
29.4961 150.633 -293.7
26.0781 139.695 -293.7
-19.0391 143.113 -304.95
28.1289 167.039 -306.2
-21.0898 130.125 -308.7
-10.1523 127.391 -311.2
-30.6602 144.48 -316.2
2.83594 121.238 -321.2
32.9141 126.023 -327.45
-8.78516 150.633 -331.2
-21.0898 128.074 -333.7
28.8125 172.508 -336.2
-10.1523 134.227 -338.7
21.293 126.707 -341.2
10.3555 133.543 -344.95
-27.2422 138.328 -349.95
11.0391 147.215 -352.45
-2.63281 126.023 -363.7
30.8633 159.52 -376.2
13.7734 152.684 -377.45
12.4063 128.074 -379.95
37.0156 153.367 -397.45
-20.4063 154.051 -407.45
10.3555 157.469 -419.95
17.1914 134.91 -431.2
