24.7617 131.961 -106.9
22.0273 136.746 -111.9
28.8633 139.48 -111.9
29.5469 126.492 -117.9
-6.68359 142.898 -119.9
-26.5078 149.051 -121.9
12.457 141.531 -123.9
-16.2539 129.227 -126.9
-11.4688 142.898 -126.9
9.72266 147 -132.9
13.8242 155.203 -149.9
-27.1914 175.027 -173.9
-0.53125 121.707 -174.9
-13.5195 150.418 -175.9
-7.36719 118.289 -180.9
14.5078 159.305 -184.9
8.35547 149.051 -187.9
-38.1289 174.344 -192.9
-47.0156 176.395 -196.9
-6.68359 110.77 -201.9
-47.6992 169.559 -210.9
-8.05078 185.965 -210.9
32.2813 93.6797 -210.9
-16.2539 178.445 -211.9
13.8242 157.254 -212.9
-6 160.672 -214.9
20.6602 150.418 -214.9
21.3438 154.52 -214.9
-8.05078 187.332 -215.9
24.0781 183.914 -217.9
24.0781 148.367 -219.9
-31.9766 141.531 -220.9
21.3438 165.457 -222.9
22.7109 184.598 -223.9
-14.8867 113.504 -224.9
-24.457 123.074 -225.9
42.5352 175.711 -225.9
39.8008 172.293 -231.9
46.6367 174.344 -231.9
-3.94922 99.832 -238.9
29.5469 179.813 -238.9
13.8242 103.25 -240.9
28.8633 124.441 -240.9
31.5977 88.2109 -250.9
-10.7852 196.219 -263.9
31.5977 176.395 -265.9
-8.73438 184.598 -269.9
4.9375 168.875 -299.9
29.5469 185.281 -323.9
22.0273 185.281 -333.9
-14.2031 188.699 -341.9
20.6602 194.852 -349.9
