4.46249 5.46875 -62.5
11.4937 4.6875 -68.75
-30.6938 16.4063 -72.5
-0.225006 16.4063 -72.5
12.275 13.2813 -73.75
17.7437 0 -75
-46.3188 1.5625 -76.25
-40.85 -0.78125 -85
-4.13126 -0.78125 -91.25
-50.225 10.9375 -92.5
-2.56876 -9.375 -93.75
-37.725 16.4063 -95
-2.56876 -17.9688 -97.5
-36.1625 8.59375 -98.75
-7.25626 18.75 -102.5
19.3062 -32.8125 -103.75
-51.7875 -38.2813 -106.25
-46.3188 -0.78125 -108.75
-41.6313 -14.0625 -107.5
-60.3813 -47.6563 -112.5
-33.0375 0.78125 -113.75
-36.1625 -4.6875 -116.25
21.65 -51.5625 -118.75
18.525 -6.25 -121.25
23.2125 1.5625 -125
11.4937 -11.7188 -126.25
66.9625 -49.2188 -128.75
-27.5688 31.25 -130
10.7125 -24.2188 -131.25
-34.6 32.0313 -140
-1.78751 -35.9375 -140
-16.6313 7.03125 -142.5
8.36874 31.25 -143.75
26.3375 -17.9688 -145
40.4 2.34375 -145
-12.725 -55.4688 -153.75
9.14999 7.8125 -155
29.4625 -31.25 -156.25
32.5875 -6.25 -156.25
9.93124 -71.875 -157.5
29.4625 35.1563 -158.75
13.8375 32.8125 -160
-32.2563 16.4063 -173.75
60.7125 34.375 -176.25
37.275 34.375 -198.75
-11.9438 31.25 -200
-82.2563 -24.2188 -203.75
-80.6938 -35.1563 -203.75
-94.7563 -16.4063 -205
-79.1313 -17.1875 -205
-72.1 -51.5625 -208.75
-11.9438 30.4688 -208.75
-96.3188 8.59375 -211.25
-63.5063 -8.59375 -212.5
-64.2875 -57.0313 -215
-76.7875 -64.8438 -216.25
-65.0688 2.34375 -216.25
-1.78751 31.25 -217.5
-47.1 7.8125 -223.75
31.8062 32.0313 -227.5
-69.7563 26.5625 -230
-37.725 23.4375 -231.25
-14.2875 23.4375 -233.75
-47.8813 25.7813 -236.25
-38.5063 28.125 -236.25
