8.46875 -136.799 -218
-2.78125 -120.861 -221
30.0313 -176.174 -221
36.5938 -186.486 -225
0.96875 -197.736 -232
-13.0938 -201.486 -234
31.9063 -202.424 -244
14.0938 -199.611 -245
41.2813 -211.799 -254
2.84375 -123.674 -255
4.71875 -154.611 -261
21.5938 -214.611 -261
-6.53125 -165.861 -263
37.5313 -156.486 -268
0.96875 -223.986 -270
24.4063 -228.674 -273
-2.78125 -120.861 -276
29.0938 -94.6112 -287
45.0313 -122.736 -287
9.40625 -230.549 -288
45.9688 -154.611 -288
15.9688 -128.361 -299
27.2188 -163.049 -300
27.2188 -155.549 -303
-30.9063 -132.111 -304
5.65625 -101.174 -308
15.9688 -128.361 -313
17.8438 -130.236 -328
-41.2188 -211.799 -367
-37.4688 -177.111 -372
3.78125 -104.924 -391
60.9688 -119.924 -421
-17.7813 -128.361 -428
