38.8516 174.039 476.8
40.2188 154.898 485.8
26.5469 154.215 483.8
51.1563 128.922 383.8
57.3086 112.516 373.8
49.1055 111.148 359.8
71.6641 101.578 359.8
-67.7891 92.6914 319.8
-86.9297 94.0586 396.8
-50.6992 148.746 402.8
-51.3828 171.988 454.8
-43.8633 146.695 487.8
-52.0664 148.746 460.8
-41.1289 144.645 472.8
-37.7109 169.254 472.8
-9.68359 139.859 472.8
-9 140.543 489.8
-2.84766 137.809 510.8
23.8125 152.848 528.8
5.35547 130.973 528.8
-17.8867 127.555 528.8
-22.6719 136.441 528.8
-13.7852 156.949 550.8
-21.3047 139.176 550.8
9.45703 150.113 550.8
-4.21484 134.391 550.8
31.332 162.418 576.8
-15.8359 173.355 457.8
29.9648 172.672 603.8
-38.3945 161.051 427.8
-55.4844 156.949 414.8
