-1.23047 -170.319 -265.2
21.7383 -158.834 -269.2
37.3242 -167.858 -286.2
20.0977 -190.006 -291.2
51.2695 -167.037 -292.2
1.23047 -173.6 -293.2
12.7148 -160.475 -293.2
23.3789 -161.295 -294.2
-6.97266 -162.115 -296.2
27.4805 -153.912 -311.2
-2.05078 -176.061 -314.2
47.168 -159.655 -322.2
-35.6836 -184.264 -327.2
-17.6367 -168.678 -330.2
57.0117 -185.905 -334.2
39.7852 -194.108 -336.2
-30.7617 -194.928 -338.2
23.3789 -209.694 -338.2
25.0195 -140.787 -340.2
-35.6836 -173.6 -343.2
-35.6836 -174.42 -345.2
-0.410156 -183.444 -345.2
-22.5586 -180.983 -346.2
13.5352 -202.311 -352.2
-16.8164 -170.319 -354.2
15.1758 -202.311 -354.2
-0.410156 -191.647 -360.2
22.5586 -172.78 -360.2
37.3242 -163.756 -363.2
-24.1992 -156.373 -365.2
-15.1758 -202.311 -373.2
2.05078 -206.412 -373.2
34.043 -162.936 -375.2
34.043 -161.295 -374.2
21.7383 -153.912 -376.2
-30.7617 -185.905 -378.2
25.0195 -203.951 -384.2
-11.0742 -176.881 -390.2
6.97266 -191.647 -392.2
28.3008 -190.006 -394.2
34.043 -205.592 -397.2
43.8867 -194.108 -406.2
-34.8633 -186.725 -406.2
-24.1992 -184.264 -408.2
35.6836 -192.467 -409.2
10.2539 -185.905 -411.2
-27.4805 -143.248 -413.2
-11.8945 -185.084 -415.2
28.3008 -161.295 -422.2
28.3008 -159.655 -423.2
-17.6367 -167.858 -423.2
16.8164 -202.311 -427.2
20.0977 -187.545 -428.2
-33.2227 -189.186 -432.2
29.1211 -180.983 -433.2
47.9883 -180.983 -439.2
26.6602 -154.733 -443.2
-18.457 -148.17 -451.2
44.707 -151.451 -453.2
13.5352 -177.701 -454.2
-35.6836 -135.865 -457.2
4.51172 -148.17 -458.2
-25.0195 -137.506 -463.2
-6.97266 -174.42 -463.2
30.7617 -185.084 -473.2
5.33203 -178.522 -475.2
28.3008 -126.842 -478.2
-20.0977 -190.826 -479.2
-2.87109 -150.631 -488.2
-11.8945 -143.248 -492.2
