-2.10938 5.625 -263.75
25.3125 -13.3594 -292.5
4.21875 -18.9844 -300
38.6719 -10.5469 -300
40.0781 24.6094 -301.25
41.4844 12.6563 -302.5
-28.125 12.6563 -307.5
-25.3125 24.6094 -318.75
10.5469 -20.3906 -321.25
36.5625 26.7188 -321.25
-18.2813 16.1719 -330
-15.4688 -5.625 -341.25
-23.2031 2.10938 -346.25
-30.2344 7.73438 -353.75
-7.03125 7.03125 -356.25
-8.4375 -8.4375 -357.5
45 -6.32813 -358.75
39.375 -14.0625 -360
14.7656 -21.7969 -368.75
-10.5469 5.625 -376.25
4.21875 -26.7188 -383.75
17.5781 -24.6094 -390
-3.51563 -15.4688 -391.25
-6.32813 -28.8281 -395
-4.92188 -8.4375 -403.75
-19.6875 -16.1719 -407.5
-4.21875 -22.5 -410
-29.5313 8.4375 -416.25
31.6406 15.4688 -421.25
-9.14063 -11.9531 -422.5
-29.5313 -7.03125 -433.75
-17.5781 -4.92188 -436.25
-30.9375 -10.5469 -450
26.0156 2.8125 -450
-13.3594 -4.92188 -451.25
24.6094 3.51563 -466.25
48.5156 7.03125 -466.25
9.84375 4.92188 -480
26.7188 3.51563 -480
-22.5 -4.92188 -492.5
-9.14063 4.21875 -497.5
44.2969 -23.9063 -498.75
-25.3125 11.9531 -501.25
17.5781 -12.6563 -515
-28.125 16.1719 -517.5
20.3906 19.6875 -518.75
