23.6094 129.836 -171.6
-7.83594 111.379 -199.6
13.3555 118.215 -205.6
7.88672 161.965 -208.6
-13.9883 130.52 -208.6
-20.8242 105.227 -212.6
-14.6719 105.227 -213.6
2.41797 182.473 -215.6
-5.10156 118.215 -217.6
11.3047 147.609 -222.6
-7.83594 130.52 -225.6
5.83594 174.27 -229.6
5.15234 183.84 -231.6
-3.05078 128.469 -232.6
1.05078 164.016 -235.6
16.0898 175.637 -237.6
3.10156 193.41 -239.6
-16.0391 149.66 -240.6
-10.5703 141.457 -246.6
0.367188 131.203 -248.6
-1 125.051 -252.6
26.3438 95.6563 -253.6
0.367188 199.563 -256.6
46.168 124.367 -256.6
-29.0273 151.711 -258.6
-36.5469 146.926 -260.6
-45.4336 71.0469 -262.6
-35.1797 155.813 -262.6
-28.3438 56.6914 -263.6
-51.5859 81.3008 -264.6
-51.5859 114.797 -267.6
-48.168 122.316 -269.6
-5.78516 204.348 -271.6
-5.10156 206.398 -276.6
-44.75 129.836 -277.6
1.73438 115.48 -283.6
16.0898 173.586 -284.6
29.0781 132.57 -284.6
3.10156 159.914 -287.6
-4.41797 157.18 -288.6
24.293 170.852 -290.6
10.6211 176.32 -311.6
45.4844 166.75 -311.6
22.2422 171.535 -319.6
-79.6133 92.9219 -353.6
-74.1445 116.848 -353.6
-66.625 89.5039 -354.6
-75.5117 81.3008 -358.6
-60.4727 77.1992 -361.6
-71.4102 71.7305 -364.6
-36.5469 119.582 -364.6
-48.168 75.832 -365.6
-58.4219 67.6289 -366.6
-27.6602 149.66 -387.6
2.41797 161.965 -402.6
46.8516 140.09 -403.6
50.2695 161.281 -406.6
41.3828 159.23 -406.6
24.293 146.926 -408.6
42.75 144.875 -410.6
26.3438 155.129 -412.6
