-18.75 144.063 -198.8
-6.25 164.375 -198.8
3.125 136.25 -217.8
-15.625 128.438 -230.8
21.875 123.75 -240.8
37.5 108.125 -239.8
-32.0313 105 -246.8
25.7813 103.438 -246.8
-32.0313 86.25 -264.8
-35.9375 120.625 -270.8
-3.90625 110.469 -272.8
19.5313 137.813 -283.8
17.9688 126.094 -287.8
15.625 114.375 -295.8
-35.1563 72.9688 -297.8
-17.9688 67.5 -300.8
13.2813 108.125 -302.8
10.9375 101.094 -310.8
22.6563 162.813 -312.8
10.9375 165.156 -316.8
7.03125 182.344 -318.8
-11.7188 169.844 -319.8
9.375 90.9375 -321.8
44.5313 176.875 -323.8
9.375 181.563 -329.8
-0.78125 182.344 -330.8
7.8125 176.094 -331.8
-51.5625 151.094 -332.8
-34.375 58.125 -332.8
-25 55 -352.8
31.25 59.6875 -353.8
-2.34375 183.125 -360.8
-57.0313 179.219 -368.8
25 60.4688 -368.8
