11.7188 165.156 -195.8
-35.1563 158.906 -204.8
-14.0625 167.5 -219.8
-6.25 172.188 -220.8
-12.5 155 -226.8
-16.4063 170.625 -231.8
-28.125 152.656 -234.8
-34.375 129.219 -236.8
-30.4688 162.031 -240.8
-23.4375 116.719 -244.8
-21.875 169.063 -244.8
-29.6875 126.094 -245.8
-35.9375 161.25 -247.8
-32.0313 117.5 -247.8
-23.4375 111.25 -249.8
-32.8125 107.344 -255.8
-8.59375 152.656 -256.8
-17.9688 147.969 -259.8
-28.125 165.156 -260.8
-29.6875 110.469 -267.8
-13.2813 101.094 -271.8
-26.5625 165.938 -272.8
-3.90625 152.656 -274.8
21.0938 90.1563 -275.8
-28.9063 98.75 -276.8
-16.4063 105.781 -276.8
12.5 162.813 -278.8
20.3125 87.8125 -280.8
28.9063 158.906 -280.8
-5.46875 154.219 -284.8
-6.25 156.563 -290.8
-30.4688 105 -303.8
-37.5 108.906 -310.8
-39.0625 113.594 -317.8
-35.9375 121.406 -318.8
-26.5625 162.813 -346.8
-17.9688 165.156 -373.8
-1.5625 167.5 -417.8
-12.5 175.313 -424.8
