-23.9648 115.629 -485.6
42.3438 162.797 -473.6
48.4961 136.82 -557.6
44.3945 151.176 -596.6
79.9414 134.77 -680.6
56.0156 151.859 -704.6
-30.1172 174.418 -686.6
-13.7109 160.063 -626.6
10.8984 146.391 -532.6
10.8984 151.859 -513.6
14.3164 147.758 -503.6
15.6836 148.441 -486.6
9.53125 152.543 -516.6
64.9023 163.48 -514.6
-9.60938 116.996 -490.6
44.3945 124.516 -453.6
47.1289 144.34 -455.6
17.0508 124.516 -455.6
19.1016 138.871 -455.6
20.4688 140.238 -467.6
47.1289 145.023 -467.6
51.9141 149.809 -452.6
47.8125 134.086 -442.6
44.3945 145.707 -442.6
16.3672 174.418 -408.6
10.2148 172.367 -430.6
6.79688 173.051 -442.6
34.8242 115.629 -459.6
110.703 149.809 -497.6
40.293 151.176 -561.6
44.3945 164.848 -611.6
-30.8008 191.508 -660.6
-34.9023 127.934 -718.6
60.8008 123.148 -718.6
