9.26758 -162.758 -232
-10.1855 -182.211 -242
15.1035 -170.54 -246
16.0762 -173.458 -249
54.9824 -147.196 -264
-27.6934 -140.387 -270
-8.24023 -164.704 -273
29.6934 -176.376 -273
-4.34961 -198.747 -284
9.26758 -170.54 -295
-16.9941 -164.704 -296
-29.6387 -146.223 -298
67.627 -191.938 -306
-13.1035 -174.43 -308
4.4043 -170.54 -319
-26.7207 -170.54 -321
-14.0762 -170.54 -322
-12.1309 -194.856 -334
-8.24023 -205.555 -341
6.34961 -212.364 -349
71.5176 -161.786 -353
-13.1035 -180.266 -356
52.0645 -206.528 -357
-25.748 -180.266 -363
-8.24023 -207.501 -364
-9.21289 -181.239 -376
-1.43164 -217.227 -377
-28.666 -201.665 -382
-20.8848 -180.266 -383
-16.9941 -179.294 -395
50.1191 -155.95 -399
-25.748 -156.922 -402
-24.7754 -161.786 -414
-13.1035 -183.184 -416
-1.43164 -183.184 -427
51.0918 -161.786 -432
-23.8027 -166.649 -439
-26.7207 -165.676 -458
-13.1035 -169.567 -472
