-1.7793 -126.966 -205
5.81445 -150.697 -218
-1.7793 -121.271 -222
6.76367 -137.408 -226
3.91602 -148.798 -236
5.81445 -137.408 -241
-13.1699 -142.154 -249
4.86523 -168.732 -257
-10.3223 -110.829 -267
5.81445 -175.376 -279
24.7988 -116.525 -296
2.9668 -183.919 -297
32.3926 -143.103 -299
-21.7129 -121.271 -310
-23.6113 -208.599 -328
13.4082 -90.8959 -328
-19.8145 -113.677 -347
-26.459 -209.548 -348
-17.916 -100.388 -350
-21.7129 -123.169 -359
-23.6113 -207.65 -366
-22.6621 -110.829 -372
-15.0684 -103.236 -373
-23.6113 -99.4388 -390
-14.1191 -107.033 -405
