-5.51563 -132.791 1432.4
12.4531 -141.384 1420.4
-24.2656 -115.603 1403.4
1.51563 -144.509 1402.4
30.4219 -111.697 1402.4
-37.5469 -114.822 1399.4
20.2656 -148.416 1377.4
-23.4844 -121.853 1372.4
8.54688 -119.509 1366.4
21.0469 -142.166 1364.4
20.2656 -140.603 1363.4
21.0469 -143.728 1363.4
-18.7969 -128.103 1360.4
18.7031 -106.228 1346.4
14.7969 -138.259 1342.4
-12.5469 -155.447 1336.4
17.9219 -112.478 1333.4
16.3594 -155.447 1316.4
24.1719 -117.166 1318.4
14.7969 -178.884 1295.4
10.8906 -163.259 1275.4
-24.2656 -171.072 1262.4
-17.2344 -157.009 1256.4
-40.6719 -135.916 1255.4
-19.5781 -173.416 1248.4
-17.2344 -148.416 1225.4
