-15.3262 -144.335 -13
-12.5723 -150.761 -16
-22.6699 -150.761 -17
-19.916 -148.007 -29
32.4082 -176.464 -42
-12.5723 -154.433 -46
-30.9316 -181.054 -49
-0.638672 -121.386 -50
29.6543 -186.562 -52
-15.3262 -136.992 -60
-4.31055 -144.335 -73
-13.4902 -137.91 -75
13.1309 -176.464 -81
-30.9316 -127.812 -88
-12.5723 -179.218 -95
-16.2441 -176.464 -100
36.0801 -138.828 -103
1.19727 -145.253 -107
9.45898 -188.398 -107
-6.14648 -186.562 -108
-15.3262 -120.468 -111
-2.47461 -118.632 -148
-63.0605 -164.531 -153
-50.209 -192.988 -161
-44.7012 -204.003 -168
67.291 -121.386 -188
37.916 -116.796 -198
33.3262 -128.73 -208
43.4238 -122.304 -213
27.8184 -102.109 -219
