-8.30078 -180.192 -190.5
29.7852 -145.036 -205.5
12.207 -169.45 -206.5
31.7383 -149.919 -216.5
-8.30078 -166.52 -227.5
31.7383 -146.012 -231.5
-7.32422 -183.122 -246.5
46.3867 -169.45 -247.5
23.9258 -190.934 -249.5
34.668 -181.169 -249.5
1.46484 -167.497 -252.5
20.0195 -197.77 -262.5
-32.7148 -173.356 -271.5
-50.293 -188.981 -273.5
37.5977 -174.333 -275.5
-18.0664 -155.778 -276.5
-55.1758 -189.958 -283.5
-33.6914 -179.215 -283.5
14.1602 -199.723 -283.5
-19.043 -200.7 -287.5
-41.5039 -193.864 -289.5
52.2461 -181.169 -297.5
-5.37109 -192.887 -298.5
23.9258 -186.051 -300.5
23.9258 -188.005 -301.5
-23.9258 -174.333 -302.5
-32.7148 -205.583 -311.5
25.8789 -139.176 -312.5
-36.6211 -142.106 -314.5
-17.0898 -209.489 -320.5
35.6445 -185.075 -323.5
5.37109 -199.723 -325.5
-39.5508 -149.919 -331.5
49.3164 -172.38 -335.5
-10.2539 -191.911 -338.5
25.8789 -150.895 -343.5
-41.5039 -154.801 -344.5
-21.9727 -179.215 -346.5
-38.5742 -188.981 -347.5
14.1602 -192.887 -351.5
-44.4336 -155.778 -357.5
-19.043 -180.192 -367.5
-43.457 -156.755 -371.5
31.7383 -163.59 -378.5
-10.2539 -182.145 -391.5
31.7383 -162.614 -392.5
46.3867 -167.497 -407.5
31.7383 -169.45 -410.5
48.3398 -170.426 -419.5
33.6914 -169.45 -425.5
17.0898 -171.403 -436.5
