24.6328 176.508 -169.4
28.0508 177.875 -181.4
5.49219 143.012 -187.4
6.85938 138.91 -191.4
2.75781 136.176 -193.4
19.1641 189.496 -201.4
23.2656 188.813 -204.4
2.75781 162.836 -229.4
33.5195 183.344 -236.4
-15.0156 179.926 -260.4
42.4063 162.152 -263.4
41.0391 169.672 -263.4
34.2031 186.078 -272.4
30.7852 166.938 -274.4
62.9141 175.824 -283.4
6.17578 97.2109 -304.4
17.1133 179.926 -324.4
0.707031 199.066 -349.4
34.2031 168.988 -371.4
32.1523 181.293 -374.4
1.39063 166.938 -380.4
-8.17969 191.547 -385.4
