-17.2921 -27.8515 -30
-7.40925 -34.1405 -31
-25.378 -33.2421 -32
-27.1749 -17.9686 -34
-4.71394 -41.328 -37
4.27044 -20.664 -38
-14.5968 -14.3749 -44
-11.9014 -19.7655 -45
-35.2608 -22.4608 -50
-14.5968 -8.08582 -50
-37.9561 -24.2577 -55
-23.5811 -14.3749 -55
-29.8702 -25.1561 -58
-13.6983 -6.28894 -62
-26.2765 -35.039 -63
6.06732 -22.4608 -68
-28.9718 -23.3593 -69
-29.8702 -22.4608 -78
-2.91706 -17.9686 -78
-48.7374 -54.8046 -81
0.676689 -49.414 -99
2.47356 -38.6327 -103
-3.8155 -47.6171 -106
-26.2765 8.9845 -117
-33.464 -11.6796 -118
10.5595 -17.9686 -122
-4.71394 -44.0233 -123
-21.7843 16.172 -124
-39.753 -8.98426 -125
-28.9718 -13.4764 -127
-22.6827 -17.9686 -134
-22.6827 12.5783 -139
8.76263 -95.2343 -151
-50.5343 -4.49207 -152
-53.2296 -12.578 -154
25.833 -29.6483 -156
21.3408 -17.9686 -162
38.4111 8.08606 -168
-18.1905 31.4455 -174
26.7314 20.6642 -177
-15.4952 8.08606 -178
9.66107 -102.422 -182
29.4267 17.0704 -197
7.86419 -97.9296 -200
-46.0421 -110.508 -201
40.208 13.4767 -215
-45.1436 -111.406 -225
42.0048 -98.8281 -229
-22.6827 25.1564 -232
-24.4796 40.4298 -241
-49.6358 4.49231 -268
-27.1749 20.6642 -274
-51.4327 28.7501 -278
4.27044 29.6486 -281
