-23.825 -28.125 -294
-11.6375 -25.3125 -309
38.9875 -37.5 -310
15.55 -36.5625 -313
-2.2625 -53.4375 -319
12.7375 -34.6875 -325
36.175 -51.5625 -331
20.2375 -60.9375 -335
-15.3875 -53.4375 -339
49.3 -49.6875 -344
-0.387497 -61.875 -348
-16.325 -15.9375 -353
37.1125 -11.25 -353
53.9875 -35.625 -357
37.1125 -34.6875 -358
-5.075 -47.8125 -362
-39.7625 -6.5625 -363
-11.6375 -65.625 -370
-25.7 -27.1875 -371
-36.0125 -23.4375 -372
35.2375 -3.75 -377
1.4875 -64.6875 -385
0.550003 -50.625 -393
-29.45 -29.0625 -397
27.7375 -29.0625 -397
44.6125 0 -400
40.8625 -19.6875 -411
55.8625 -30.9375 -414
-14.45 -45 -418
-14.45 -21.5625 -434
52.1125 -28.125 -434
30.55 -40.3125 -436
-10.7 -43.125 -442
38.05 -8.4375 -444
7.1125 -51.5625 -447
47.425 -13.125 -457
23.05 -20.625 -464
53.9875 -24.375 -465
-22.8875 -19.6875 -484
11.8 -20.625 -492
