7.88477 -122.453 -234
-5.30273 -113.386 -239
26.8418 -132.344 -249
-23.4355 -94.4294 -258
-8.59961 -117.508 -268
37.5566 -104.32 -269
-12.7207 -115.859 -294
23.5449 -121.629 -297
36.7324 -104.32 -308
-7.77539 -147.179 -321
-25.084 -160.367 -327
19.4238 -129.047 -332
14.4785 -150.476 -336
18.5996 -110.09 -338
29.3145 -141.41 -341
-32.502 -160.367 -349
19.4238 -144.707 -350
33.4355 -148.004 -352
39.2051 -133.992 -352
-21.7871 -176.851 -357
-15.1934 -157.894 -359
-31.6777 -164.488 -360
26.0176 -147.179 -369
21.0723 -122.453 -372
-39.9199 -141.41 -373
16.127 -146.355 -373
-0.357422 -179.324 -378
-43.2168 -164.488 -381
15.3027 -156.246 -381
37.5566 -141.41 -387
-45.6895 -150.476 -388
-43.2168 -165.312 -402
46.623 -152.949 -405
40.0293 -162.015 -411
19.4238 -141.41 -412
-3.6543 -166.136 -415
-11.8965 -180.148 -417
-35.7988 -146.355 -424
-14.3691 -143.883 -435
