30.7617 166.582 -160.3
24.6094 148.809 -162.3
-2.05078 156.328 -163.3
2.73438 157.012 -176.3
19.1406 163.164 -177.3
27.3438 151.543 -182.3
15.0391 141.289 -184.3
-25.9766 181.621 -185.3
29.3945 155.645 -201.3
4.78516 141.973 -205.3
15.7227 150.859 -209.3
-6.83594 131.035 -217.3
1.36719 126.934 -224.3
10.9375 146.758 -225.3
-27.3438 162.48 -228.3
40.332 147.441 -240.3
42.3828 149.492 -238.3
42.3828 147.441 -244.3
-32.1289 153.594 -245.3
-10.2539 121.465 -246.3
-9.57031 139.922 -247.3
27.3438 169.316 -247.3
42.3828 145.391 -248.3
-4.10156 150.859 -254.3
-21.1914 162.48 -257.3
-18.457 124.199 -257.3
26.6602 165.898 -258.3
-4.78516 124.883 -260.3
-18.457 137.871 -271.3
-25.293 169.316 -273.3
12.9883 117.363 -281.3
30.0781 169.316 -280.3
-26.6602 141.973 -288.3
-28.0273 129.668 -290.3
-19.8242 126.934 -292.3
-7.51953 120.781 -292.3
-15.7227 141.973 -298.3
30.7617 161.113 -303.3
21.1914 117.363 -307.3
10.2539 111.211 -338.3
28.7109 141.289 -338.3
-19.8242 125.566 -350.3
-5.46875 112.578 -361.3
23.9258 137.188 -361.3
38.9648 129.668 -368.3
-7.51953 146.758 -392.3
0.683594 154.961 -395.3
