4.44141 -156.244 1158.5
-2.51953 -187.955 1150.5
33.0586 -185.634 1141.5
-25.7227 -204.197 1130.5
-17.2148 -202.65 1130.5
33.0586 -200.33 1127.5
5.21484 -153.923 1123.5
-21.082 -215.025 1115.5
-10.2539 -174.033 1112.5
3.66797 -135.361 1112.5
3.66797 -145.415 1106.5
-3.29297 -140.001 1105.5
5.98828 -198.783 1073.5
-46.6055 -158.564 1071.5
0.574219 -133.814 1068.5
4.44141 -128.4 1067.5
-44.2852 -152.376 1066.5
55.4883 -159.337 1059.5
-56.6602 -151.603 1053.5
-48.1523 -140.775 1052.5
-31.9102 -200.33 1050.5
5.98828 -222.759 1046.5
31.5117 -164.751 1046.5
-65.168 -154.697 1045.5
-24.1758 -211.158 1044.5
-18.7617 -164.751 1044.5
52.3945 -145.415 1044.5
2.89453 -128.4 1042.5
-55.8867 -153.15 1041.5
-56.6602 -164.751 1040.5
-46.6055 -140.775 1031.5
-63.6211 -215.025 985.5
-62.8477 -209.611 985.5
-46.6055 -187.955 983.5
-49.6992 -180.22 981.5
-35.7773 -233.587 981.5
50.0742 -131.494 950.5
