12.207 -160.557 -142.5
19.043 -135.166 -151.5
-5.37109 -154.698 -152.5
-39.5508 -123.448 -169.5
-10.2539 -161.534 -174.5
6.34766 -136.143 -174.5
24.9023 -143.955 -185.5
-38.5742 -183.995 -198.5
5.37109 -171.299 -205.5
-32.7148 -156.651 -226.5
-64.9414 -173.252 -241.5
-53.2227 -186.924 -242.5
-44.4336 -156.651 -249.5
-16.1133 -167.393 -271.5
-10.2539 -196.69 -271.5
-39.5508 -185.948 -273.5
15.1367 -187.901 -276.5
-33.6914 -156.651 -278.5
-53.2227 -154.698 -281.5
-10.2539 -193.76 -283.5
-20.9961 -189.854 -288.5
-33.6914 -189.854 -290.5
-29.7852 -166.416 -296.5
-42.4805 -166.416 -303.5
-35.6445 -144.932 -306.5
-13.1836 -168.37 -317.5
-39.5508 -138.096 -318.5
-37.5977 -165.44 -318.5
-16.1133 -141.026 -319.5
-51.2695 -157.627 -320.5
