9.61133 -127.915 -415
39.9863 -121.271 -430
32.3926 -143.103 -432
27.6465 -119.372 -439
13.4082 -135.509 -443
39.0371 -101.337 -447
46.6309 -135.509 -452
21.9512 -108.931 -460
29.5449 -128.865 -460
2.01758 -130.763 -462
20.0527 -166.833 -463
-13.1699 -124.119 -474
-20.7637 -167.783 -479
44.7324 -126.017 -479
25.748 -169.681 -482
2.9668 -169.681 -484
48.5293 -150.697 -484
-25.5098 -154.494 -490
37.1387 -141.204 -497
-13.1699 -172.529 -498
-9.37305 -130.763 -499
7.71289 -174.427 -499
52.3262 -129.814 -499
13.4082 -145.951 -500
-39.748 -150.697 -502
25.748 -128.865 -511
1.06836 -155.443 -516
1.06836 -174.427 -519
33.3418 -159.24 -522
-11.2715 -172.529 -526
32.3926 -139.306 -533
-22.6621 -181.072 -545
-21.7129 -159.24 -545
41.8848 -135.509 -552
20.0527 -129.814 -559
-10.3223 -147.849 -560
27.6465 -162.087 -561
-15.0684 -143.103 -574
6.76367 -146.9 -574
28.5957 -151.646 -583
43.7832 -141.204 -583
-35.002 -164.935 -585
-16.9668 -165.884 -585
7.71289 -149.747 -588
11.5098 -140.255 -589
