22.4024 -149.408 -390.022
-20.7394 -135.369 -332.04
21.4063 -145.736 -215.1
9.3069 -136.342 -382.067
17.6563 -133.549 -332.1
20.5554 -135.419 -315
-13.1919 -138.183 -416.009
42.9761 -139.105 -492.008
2.65625 -165.424 -322.1
-6.66514 -155.11 -300.065
26.1259 -120.345 -287.011
0.78125 -169.174 -244.1
2.70967 -166.334 -245.011
15.8742 -134.403 -334.037
18.6381 -132.57 -398.084
20.4688 -149.486 -317.1
26.1031 -140.98 -217.026
3.67311 -161.638 -330.064
37.3438 -120.424 -291.1
22.4247 -120.39 -269.009
22.3438 -121.361 -289.1
12.9688 -170.111 -252.1
22.3438 -118.549 -268.1
43.9698 -193.544 -527.038
21.4063 -148.549 -314.1
