-4.84375 -128.861 -169.1
-19.8438 -132.611 -171.1
-36.7188 -132.611 -187.1
9.21875 -134.486 -189.1
37.3438 -137.299 -235.1
16.7188 -168.236 -237.1
29.8438 -160.736 -238.1
-45.1563 -114.799 -250.1
-17.9688 -144.799 -250.1
35.4688 -110.111 -250.1
23.2813 -136.361 -261.1
-19.8438 -126.986 -265.1
19.5313 -139.174 -271.1
-32.9688 -124.174 -285.1
-29.2188 -153.236 -287.1
-36.7188 -166.361 -293.1
-26.4063 -170.111 -297.1
-23.5938 -130.736 -305.1
-32.9688 -171.049 -308.1
-28.2813 -144.799 -308.1
-8.59375 -158.861 -317.1
27.0313 -110.111 -327.1
23.2813 -148.549 -341.1
-44.2188 -121.361 -347.1
-20.7813 -140.111 -348.1
-32.9688 -143.861 -349.1
14.8438 -157.924 -354.1
27.0313 -113.861 -358.1
-22.6563 -143.861 -361.1
37.3438 -119.486 -361.1
-45.1563 -125.111 -364.1
28.9063 -124.174 -375.1
42.9688 -119.486 -375.1
-23.5938 -146.674 -376.1
-8.59375 -137.299 -398.1
-31.0938 -134.486 -401.1
