19.2188 -126.964 -488.5
-2.34375 -133.526 -492.5
-13.5938 -145.714 -495.5
18.2813 -131.651 -499.5
40.7813 -146.651 -500.5
52.0313 -137.276 -506.5
0.46875 -162.589 -524.5
24.8438 -149.464 -524.5
47.3438 -167.276 -529.5
44.5313 -142.901 -530.5
12.6563 -170.089 -531.5
29.5313 -173.839 -532.5
4.21875 -143.839 -533.5
48.2813 -116.651 -538.5
53.9063 -126.964 -540.5
11.7188 -154.151 -544.5
47.3438 -147.589 -551.5
47.3438 -168.214 -555.5
-7.96875 -147.589 -556.5
29.5313 -178.526 -560.5
-11.7188 -167.276 -562.5
45.4688 -136.339 -565.5
34.2188 -138.214 -568.5
-7.03125 -180.401 -572.5
34.2188 -147.589 -572.5
51.0938 -167.276 -573.5
-40.7813 -133.526 -574.5
31.4063 -156.964 -576.5
-22.0313 -173.839 -580.5
-11.7188 -153.214 -587.5
-9.84375 -177.589 -595.5
31.4063 -193.526 -595.5
-25.7813 -170.089 -603.5
58.5938 -171.964 -603.5
5.15625 -201.026 -611.5
52.9688 -142.901 -613.5
44.5313 -188.839 -617.5
22.0313 -202.901 -624.5
22.9688 -172.901 -624.5
43.5938 -142.901 -626.5
25.7813 -160.714 -631.5
15.4688 -187.901 -634.5
36.0938 -156.026 -639.5
-11.7188 -199.151 -646.5
-30.4688 -186.964 -647.5
28.5938 -171.964 -647.5
-11.7188 -185.089 -648.5
36.0938 -141.026 -652.5
14.5313 -188.839 -654.5
19.2188 -145.714 -654.5
-44.5313 -155.089 -655.5
26.7188 -171.026 -667.5
32.3438 -165.401 -678.5
