10.3164 159.102 -149.9
23.3047 169.355 -152.9
36.9766 157.734 -161.9
49.9648 152.266 -170.9
38.3438 148.848 -176.9
-12.9258 131.074 -189.9
7.58203 182.344 -194.9
3.48047 178.242 -198.9
-6.77344 151.582 -216.9
1.42969 185.762 -216.9
2.79688 189.863 -230.9
12.3672 186.445 -230.9
16.4688 178.242 -234.9
15.7852 163.203 -236.9
4.16406 189.863 -239.9
17.1523 189.18 -243.9
-31.3828 176.191 -256.9
9.63281 167.988 -256.9
13.7344 196.699 -275.9
-27.2813 181.66 -282.9
-21.1289 80.4883 -311.9
26.0391 79.8047 -311.9
-65.5625 135.176 -337.9
-64.1953 114.668 -342.9
-58.043 122.188 -344.9
-53.2578 133.125 -345.9
-62.8281 107.148 -347.9
18.5195 164.57 -372.9
17.8359 193.281 -397.9
