39.3613 -148.867 -275.5
17.377 -141.8 -278.5
26.7988 -150.437 -288.5
-4.60742 -164.57 -303.5
4.81445 -118.246 -312.5
-7.74805 -173.992 -316.5
-25.8066 -177.917 -317.5
-12.459 -177.132 -323.5
-9.31836 -133.949 -322.5
-14.0293 -124.527 -331.5
4.81445 -117.46 -333.5
26.7988 -126.882 -336.5
4.81445 -181.843 -337.5
31.5098 -154.363 -338.5
-15.5996 -131.593 -339.5
-4.60742 -115.89 -339.5
10.3105 -144.156 -339.5
43.2871 -201.472 -341.5
5.59961 -141.8 -345.5
-25.0215 -144.941 -353.5
-22.666 -205.398 -354.5
-31.3027 -121.386 -357.5
-3.03711 -111.964 -357.5
10.3105 -126.097 -357.5
-6.96289 -104.113 -358.5
0.103516 -195.976 -360.5
-28.1621 -129.238 -363.5
-23.4512 -125.312 -364.5
-17.1699 -167.71 -364.5
15.0215 -123.742 -364.5
24.4434 -113.535 -366.5
-30.5176 -155.148 -369.5
43.2871 -152.007 -370.5
-34.4434 -150.437 -374.5
-18.7402 -174.777 -374.5
-5.39258 -204.613 -374.5
5.59961 -188.91 -374.5
17.377 -193.621 -376.5
-3.82227 -186.554 -378.5
-26.5918 -210.894 -379.5
-10.8887 -130.808 -380.5
-5.39258 -122.171 -380.5
40.9316 -126.882 -382.5
-6.96289 -104.898 -385.5
-37.584 -122.171 -387.5
-11.6738 -209.324 -390.5
7.95508 -210.894 -393.5
-79.9824 -178.703 -394.5
-76.0566 -184.984 -395.5
9.52539 -97.8315 -401.5
-4.60742 -204.613 -403.5
-53.2871 -206.183 -411.5
-30.5176 -203.042 -411.5
-38.3691 -183.414 -415.5
37.791 -111.964 -416.5
7.95508 -112.749 -417.5
-2.25195 -93.1205 -420.5
-32.0879 -119.816 -421.5
-4.60742 -214.82 -421.5
-39.1543 -102.542 -422.5
-68.2051 -121.386 -423.5
-61.1387 -124.527 -424.5
-41.5098 -140.23 -424.5
-36.7988 -188.124 -426.5
-41.5098 -99.4018 -428.5
-32.0879 -203.828 -428.5
1.67383 -108.039 -428.5
-76.8418 -133.164 -429.5
-46.2207 -177.917 -430.5
-28.9473 -108.824 -430.5
-25.0215 -121.386 -432.5
-53.2871 -157.503 -435.5
-9.31836 -206.183 -435.5
16.5918 -140.23 -435.5
-16.3848 -107.253 -439.5
38.5762 -111.179 -440.5
-51.7168 -181.843 -441.5
-36.7988 -170.066 -441.5
-63.4941 -159.074 -443.5
-14.8145 -200.687 -444.5
2.45898 -221.886 -445.5
36.2207 -124.527 -445.5
-22.666 -169.281 -447.5
34.6504 -118.246 -449.5
-54.8574 -192.05 -450.5
-18.7402 -204.613 -450.5
-61.1387 -195.976 -455.5
66.0566 -96.2612 -469.5
45.6426 -93.1205 -480.5
