-3.51563 142.969 -293.4
4.92188 148.594 -299.4
16.1719 141.563 -303.4
-17.5781 140.156 -312.4
7.73438 142.969 -314.4
19.6875 161.953 -316.4
-20.3906 166.875 -322.4
-23.2031 156.328 -324.4
16.875 176.016 -330.4
19.6875 153.516 -330.4
-2.8125 140.859 -334.4
24.6094 160.547 -345.4
-26.0156 161.953 -353.4
4.92188 133.828 -353.4
-16.1719 146.484 -357.4
-14.7656 143.672 -356.4
23.2031 152.109 -357.4
-32.3438 173.203 -362.4
8.4375 152.109 -362.4
8.4375 163.359 -362.4
-29.5313 161.25 -372.4
-18.9844 164.063 -377.4
-13.3594 140.156 -377.4
21.0938 143.672 -377.4
5.625 156.328 -383.4
-27.4219 126.094 -391.4
-19.6875 154.922 -391.4
-14.7656 121.875 -392.4
-37.9688 160.547 -393.4
-32.3438 138.75 -394.4
24.6094 173.203 -396.4
-43.5938 141.563 -397.4
-35.1563 155.625 -406.4
-21.7969 122.578 -406.4
-17.5781 121.875 -407.4
-40.0781 139.453 -410.4
-37.9688 164.063 -411.4
-11.25 128.906 -419.4
-36.5625 143.672 -423.4
-14.0625 133.828 -430.4
31.6406 137.344 -431.4
-28.125 153.516 -434.4
20.3906 157.734 -442.4
-5.625 133.828 -462.4
21.0938 136.641 -464.4
11.25 140.859 -465.4
