8.62109 140.48 942.25
-5.05078 148.684 939.75
-37.1797 122.707 921
-7.10156 157.57 918.5
-33.7617 118.605 916
8.62109 150.734 912.25
-29.6602 114.504 898.5
-32.3945 96.0469 893.5
-24.1914 111.086 889.75
-25.5586 94.6797 883.5
12.7227 148.684 872.25
8.62109 147.316 869.75
-9.83594 173.293 863.5
14.0898 153.469 861
0.417969 176.711 858.5
-24.875 83.7422 857.25
-21.457 89.8945 847.25
3.15234 171.926 846
-20.0898 93.9961 838.5
-22.8242 87.1602 836
-26.2422 93.3125 833.5
-11.2031 170.559 831
-4.36719 182.18 827.25
-22.8242 87.8438 824.75
-33.7617 86.4766 823.5
-7.10156 177.395 821
-16.6719 161.672 814.75
-37.8633 81.6914 812.25
-19.4063 78.957 812.25
-42.6484 93.9961 811
-40.5977 91.9453 803.5
-54.9531 148.684 801
-41.2813 83.0586 799.75
-7.78516 182.18 788.5
-55.6367 110.402 778.5
-59.0547 160.305 773.5
-14.6211 184.914 767.25
-60.4219 120.656 762.25
-26.9258 150.734 762.25
-62.4727 124.758 759.75
-51.5352 128.859 753.5
-16.6719 157.57 753.5
-26.9258 163.039 747.25
-22.8242 168.508 743.5
-43.332 175.344 742.25
-20.0898 186.281 736
-17.3555 169.875 734.75
-27.6094 169.191 719.75
-22.8242 178.078 717.25
