34.8008 -170.231 -63
-5.44141 -168.653 -76
-9.38672 -171.809 -83
-5.44141 -171.809 -97
2.44922 -177.332 -99
-6.23047 -159.184 -103
-3.86328 -195.481 -109
41.9023 -165.496 -112
5.60547 -172.598 -114
48.2148 -201.004 -116
-17.2773 -198.637 -117
-7.01953 -133.934 -120
11.1289 -141.035 -123
-28.3242 -182.856 -125
36.3789 -208.106 -126
41.1133 -166.285 -127
-19.6445 -152.082 -129
-10.1758 -141.825 -129
49.793 -161.551 -139
-21.2227 -148.926 -140
7.18359 -135.512 -144
-1.49609 -135.512 -147
1.66016 -130.778 -148
27.6992 -198.637 -149
21.3867 -158.395 -150
60.8398 -178.121 -151
73.4648 -215.207 -151
26.9102 -148.926 -154
3.23828 -141.825 -163
4.02734 -132.356 -165
56.8945 -156.817 -168
-9.38672 -148.926 -171
51.3711 -166.285 -172
27.6992 -149.715 -173
48.2148 -147.348 -174
19.8086 -136.301 -176
50.582 -195.481 -176
2.44922 -124.465 -178
-1.49609 -146.559 -185
-18.8555 -149.715 -185
56.1055 -215.996 -185
-13.332 -152.871 -189
-42.5273 -138.668 -194
20.5977 -230.989 -197
16.6523 -134.723 -225
47.4258 -131.567 -273
48.2148 -123.676 -278
49.793 -133.934 -282
51.3711 -114.996 -284
49.0039 -136.301 -287
52.9492 -144.981 -302
60.8398 -144.192 -304
