-9.61328 143.74 -237.7
2.48633 149.387 -244.7
30.7188 151.807 -250.7
35.5586 164.713 -251.7
-17.6797 152.613 -262.7
-15.2598 140.514 -272.7
25.8789 171.973 -273.7
-20.0996 150.193 -277.7
21.0391 134.061 -282.7
33.1387 148.58 -284.7
-12.0332 124.381 -288.7
-16.873 129.221 -301.7
17.0059 121.961 -302.7
-20.0996 145.354 -306.7
24.2656 135.674 -311.7
33.1387 119.541 -313.7
-28.166 117.928 -322.7
-10.4199 120.348 -324.7
17.0059 128.414 -324.7
-21.7129 111.475 -333.7
43.625 121.154 -336.7
-34.6191 127.607 -341.7
29.9121 109.861 -342.7
28.2988 103.408 -353.7
-25.7461 107.441 -354.7
-27.3594 90.502 -361.7
-12.0332 116.314 -362.7
-10.4199 117.121 -364.7
-30.5859 120.348 -380.7
-13.6465 92.1152 -380.7
-4.77344 104.215 -395.7
-26.5527 96.1484 -398.7
-40.2656 101.795 -405.7
44.4316 111.475 -407.7
-37.0391 124.381 -417.7
-17.6797 119.541 -442.7
