4.29688 -121.172 -218.3
-5.00581 -168.027 -258.222
-34.7656 -127.422 -213.3
12.1094 -101.641 -188.3
15.2344 -126.641 -211.3
-19.1406 -132.891 -207.3
5.07813 -129.766 -269.3
-33.9715 -125.029 -207.236
-8.13816 -111.01 -243.256
26.9531 -127.422 -236.3
-13.5976 -132.827 -197.292
-8.96721 -105.484 -188.277
-0.384671 -123.453 -243.259
9.78439 -153.887 -236.23
30.0781 -117.266 -239.3
-13.6719 -134.453 -193.3
-1.86712 -122.73 -262.258
16.7969 -147.734 -262.3
23.8281 -111.797 -251.3
19.9524 -144.529 -262.212
-37.0111 -155.48 -254.212
20.7951 -119.588 -243.273
18.3642 -121.912 -215.262
12.1182 -100.039 -188.226
-21.4844 -106.328 -244.3
-12.1094 -109.453 -189.3
