-30.0781 -108.672 -53.3
-26.9531 -111.016 -65.3
-8.20313 -114.141 -69.3
-21.4844 -112.578 -77.3
-31.6406 -89.9219 -84.3
12.1094 -121.953 -89.3
-18.3594 -107.109 -107.3
-2.73438 -124.297 -130.3
23.0469 -109.453 -130.3
33.2031 -129.766 -138.3
19.9219 -121.953 -144.3
15.2344 -112.578 -145.3
4.29688 -139.922 -151.3
-8.20313 -124.297 -167.3
4.29688 -135.234 -174.3
23.0469 -140.703 -179.3
-11.3281 -143.047 -180.3
4.29688 -143.828 -189.3
5.85938 -132.109 -191.3
23.0469 -113.359 -193.3
-30.0781 -103.984 -197.3
8.20313 -146.953 -214.3
29.2969 -107.891 -215.3
-21.4844 -103.203 -219.3
24.6094 -144.609 -219.3
41.0156 -135.234 -225.3
-33.9844 -120.391 -228.3
2.73438 -136.797 -229.3
43.3594 -131.328 -238.3
44.1406 -100.078 -241.3
19.1406 -143.047 -246.3
48.0469 -118.047 -252.3
5.07813 -142.266 -253.3
46.4844 -128.984 -260.3
23.0469 -121.953 -262.3
22.2656 -122.734 -265.3
-16.7969 -107.109 -268.3
-31.6406 -123.516 -270.3
55.8594 -112.578 -273.3
-21.4844 -134.453 -276.3
-10.5469 -139.141 -276.3
-30.0781 -118.828 -280.3
-7.42188 -130.547 -289.3
-20.7031 -107.891 -294.3
-10.5469 -149.297 -294.3
41.0156 -133.672 -298.3
-8.98438 -152.422 -315.3
-17.5781 -116.484 -324.3
-19.1406 -105.547 -325.3
-17.5781 -104.766 -344.3
-23.8281 -117.266 -358.3
35.5469 -121.953 -359.3
44.1406 -103.203 -360.3
37.8906 -153.203 -363.3
58.2031 -134.453 -369.3
29.2969 -132.109 -373.3
23.8281 -118.047 -375.3
16.7969 -128.203 -377.3
-8.98438 -146.172 -383.3
50.3906 -118.828 -383.3
23.0469 -104.766 -385.3
11.3281 -100.078 -386.3
41.7969 -122.734 -401.3
