9.375 -16.4063 -261
0 -10.1563 -269
10.1563 -10.9375 -283
3.125 -14.0625 -294
-29.6875 6.25 -307
-11.7188 -7.03125 -319
22.6563 -8.59375 -320
-28.9063 -47.6563 -334
-19.5313 -27.3438 -341
-12.5 -27.3438 -354
25.7813 5.46875 -356
-31.25 -43.75 -360
16.4063 -63.2813 -377
-20.3125 -60.1563 -381
-21.0938 -46.875 -389
-6.25 -63.2813 -391
-16.4063 -57.8125 -395
-10.1563 -35.1563 -396
20.3125 -55.4688 -396
31.25 -7.8125 -397
7.03125 -65.625 -398
23.4375 -65.625 -400
39.8438 -46.875 -405
-19.5313 -47.6563 -408
-28.9063 -16.4063 -413
-16.4063 -33.5938 -414
-32.8125 -17.1875 -427
-25 -30.4688 -431
28.9063 -19.5313 -432
-25 -28.125 -453
