12.0078 -108.789 805.5
3.57031 -94.7266 784.5
36.6172 -91.9141 783.5
-11.8984 -87.6953 778.5
28.8828 -103.867 778.5
41.5391 -98.9453 766.5
31.6953 -106.68 765.5
24.6641 -77.1484 763.5
-9.78906 -91.9141 762.5
3.57031 -96.8359 760.5
41.5391 -113.008 757.5
39.4297 -117.93 738.5
2.86719 -102.461 736.5
-24.5547 -110.195 733.5
28.8828 -87.6953 733.5
2.16406 -120.742 730.5
35.2109 -129.18 728.5
25.3672 -138.32 726.5
10.6016 -130.586 722.5
-14.7109 -98.9453 719.5
35.9141 -124.961 703.5
23.9609 -131.992 701.5
-23.1484 -120.742 698.5
28.1797 -108.086 697.5
2.86719 -122.148 694.5
-14.0078 -115.82 690.5
33.8047 -120.742 688.5
45.0547 -110.898 686.5
4.97656 -126.367 679.5
-21.0391 -126.367 675.5
43.6484 -113.711 672.5
-21.7422 -139.727 669.5
40.8359 -124.258 667.5
41.5391 -153.789 662.5
-9.78906 -127.07 658.5
-19.6328 -137.617 655.5
30.9922 -137.617 649.5
12.7109 -156.602 646.5
-18.2266 -135.508 639.5
0.757813 -145.352 632.5
53.4922 -146.055 632.5
-17.5234 -134.805 621.5
-6.97656 -143.242 616.5
-16.1172 -158.008 614.5
4.27344 -168.555 594.5
16.9297 -138.32 590.5
