35.6445 -136.905 -491.5
-22.9492 -125.186 -496.5
38.5742 -137.882 -504.5
9.27734 -131.046 -506.5
27.832 -153.507 -512.5
14.1602 -154.483 -513.5
-9.27734 -140.811 -519.5
-19.043 -130.069 -539.5
-34.668 -131.046 -548.5
32.7148 -168.155 -558.5
36.6211 -176.944 -570.5
46.3867 -162.296 -570.5
24.9023 -145.694 -572.5
-35.6445 -145.694 -577.5
-20.9961 -174.015 -578.5
3.41797 -185.733 -583.5
-31.7383 -164.249 -591.5
34.668 -169.132 -597.5
-37.5977 -151.554 -601.5
24.9023 -137.882 -601.5
-38.5742 -175.968 -605.5
-50.293 -152.53 -609.5
25.8789 -169.132 -613.5
-22.9492 -157.413 -618.5
-39.5508 -182.804 -626.5
20.0195 -150.577 -626.5
-45.4102 -156.436 -631.5
-28.8086 -162.296 -633.5
7.32422 -175.968 -635.5
22.9492 -160.343 -643.5
-12.207 -185.733 -645.5
20.0195 -146.671 -645.5
-43.457 -151.554 -655.5
-13.1836 -209.171 -655.5
-51.2695 -166.202 -657.5
-27.832 -174.015 -660.5
14.1602 -165.225 -668.5
