8.44141 140.313 -287.95
-25.5234 157.754 -311.7
15.7852 185.293 -329.2
24.9648 151.328 -331.7
-16.3438 140.313 -340.45
-42.9648 147.656 -347.95
26.8008 132.969 -349.2
6.60547 120.117 -350.45
36.8984 150.41 -354.2
-14.5078 119.199 -366.7
10.2773 130.215 -366.7
13.9492 164.18 -369.2
-11.7539 130.215 -370.45
-43.8828 145.82 -375.45
-30.1133 145.82 -375.45
-16.3438 141.23 -377.95
-48.4727 132.969 -379.2
-36.5391 121.953 -381.7
-25.5234 126.543 -385.45
-4.41016 127.461 -389.2
-60.4063 142.148 -392.95
-33.7852 154.082 -392.95
-54.8984 148.574 -407.95
17.6211 127.461 -409.2
-42.0469 129.297 -410.45
0.179688 121.953 -411.7
-15.4258 121.953 -414.2
-32.8672 132.051 -457.95
