25.084 -136.477 45.8
38.1465 -138.926 45.8
-20.6348 -129.129 32.8
24.2676 -149.539 31.8
10.3887 -127.496 15.8
13.6543 -154.438 8.79999
21.002 -174.848 8.79999
3.04102 -186.278 -1.20001
-10.0215 -150.356 -2.20001
-5.12305 -187.094 -2.20001
-3.49023 -187.094 -11.2
-0.224609 -117.699 -17.2
-15.7363 -139.742 -18.2
-1.85742 -148.723 -20.2
-19.002 -174.031 -25.2
25.9004 -159.336 -25.2
28.3496 -150.356 -25.2
21.002 -152.805 -29.2
-0.224609 -145.457 -32.2
-31.248 -128.313 -34.2
21.002 -168.317 -36.2
-46.7598 -139.742 -38.2
0.591797 -153.621 -38.2
56.1074 -137.293 -39.2
-14.9199 -113.617 -49.2
22.6348 -238.528 -51.2
53.6582 -146.274 -57.2
26.7168 -139.742 -61.2
41.4121 -158.52 -62.2
-58.1895 -125.864 -64.2
41.4121 -167.5 -66.2
60.1895 -126.68 -72.2
-50.8418 -152.805 -80.2
-30.4316 -119.332 -80.2
1.4082 -109.535 -83.2
-72.8848 -150.356 -85.2
-43.4941 -111.985 -86.2
75.7012 -107.903 -96.2
43.0449 -118.516 -99.2
-20.6348 -242.61 -122.2
43.0449 -250.774 -128.2
-80.2324 -174.031 -137.2
-44.3105 -142.192 -141.2
-77.7832 -187.094 -142.2
78.1504 -112.801 -145.2
86.3145 -122.598 -146.2
