15.4258 128.426 -104.4
-5.82617 148.104 -119.4
25.6582 126.064 -117.4
48.4844 159.123 -119.4
39.0391 146.529 -129.4
54.7813 156.762 -131.4
11.4902 126.852 -140.4
34.3164 147.316 -142.4
-13.6973 149.678 -154.4
-17.6328 156.762 -165.4
-0.316406 129.213 -165.4
-13.6973 111.896 -181.4
-14.4844 104.025 -201.4
-21.5684 115.832 -202.4
4.40625 96.9414 -204.4
14.6387 97.7285 -206.4
-23.9297 138.658 -216.4
-29.4395 117.406 -217.4
38.252 155.975 -220.4
35.1035 146.529 -221.4
-18.4199 108.748 -224.4
-19.9941 146.529 -235.4
35.8906 145.742 -255.4
