16.5234 -136.452 -228.6
23.5547 -151.921 -233.6
4.57031 -137.858 -239.6
33.3984 -162.468 -255.6
8.78906 -132.937 -266.6
7.38281 -125.905 -288.6
26.3672 -178.64 -291.6
-26.3672 -180.046 -291.6
20.0391 -181.452 -295.6
13.7109 -193.405 -300.6
-13.0078 -148.405 -302.6
10.8984 -132.233 -302.6
7.38281 -120.983 -304.6
-18.6328 -133.64 -315.6
15.1172 -154.03 -320.6
-9.49219 -146.296 -322.6
-1.75781 -151.921 -323.6
3.86719 -116.765 -326.6
-27.7734 -132.937 -341.6
1.75781 -126.608 -342.6
9.49219 -112.546 -344.6
7.38281 -120.28 -346.6
14.4141 -117.468 -350.6
15.1172 -139.968 -354.6
22.1484 -153.327 -356.6
20.0391 -230.671 -395.6
-60.1172 -170.202 -432.6
55.8984 -125.905 -459.6
36.9141 -120.983 -468.6
41.1328 -118.171 -473.6
-5.97656 -122.39 -476.6
-13.7109 -116.765 -477.6
