-2.2959 -142.766 -194.2
-31.1826 -132.174 -197.2
24.665 -126.397 -200.2
30.4424 -141.803 -200.2
-12.8877 -163.949 -202.2
4.44434 -165.875 -204.2
14.0732 -149.506 -212.2
-24.4424 -143.729 -230.2
10.2217 -140.84 -231.2
5.40723 -171.652 -245.2
-9.03613 -179.355 -273.2
-6.14746 -159.135 -273.2
30.4424 -148.543 -275.2
-28.2939 -147.58 -280.2
-10.9619 -171.652 -294.2
-6.14746 -189.947 -294.2
7.33301 -191.873 -296.2
25.6279 -186.096 -296.2
-28.2939 -165.875 -305.2
-1.33301 -173.578 -310.2
36.2197 -181.281 -326.2
-26.3682 -170.689 -331.2
0.592773 -180.318 -331.2
-13.8506 -180.318 -334.2
-45.626 -136.025 -342.2
-9.03613 -206.316 -343.2
27.5537 -185.133 -343.2
-27.3311 -200.539 -350.2
-11.9248 -179.355 -351.2
10.2217 -191.873 -354.2
16.9619 -162.986 -359.2
35.2568 -155.283 -372.2
-1.33301 -198.613 -376.2
-25.4053 -170.689 -377.2
-13.8506 -176.467 -378.2
15.999 -160.098 -380.2
27.5537 -173.578 -384.2
-52.3662 -162.023 -384.2
-28.2939 -169.727 -402.2
-24.4424 -158.172 -408.2
-5.18457 -173.578 -408.2
