49.2383 -216.19 -401
20.4414 -146.471 -350
-7.59766 -147.987 -367
-6.83984 -173.753 -367
46.9648 -154.807 -375
44.6914 -157.839 -408
18.9258 -173.753 -338
50.7539 -145.714 -346
-10.6289 -152.534 -330
9.83203 -154.05 -310
43.1758 -135.104 -318
-8.35547 -178.3 -296
56.0586 -178.3 -296
80.3086 -157.839 -273
53.0273 -151.018 -273
42.418 -140.409 -256
28.0195 -160.87 -270
-0.777344 -107.065 -258
2.25391 -107.823 -272
-6.83984 -106.307 -285
3.01172 -115.401 -290
3.01172 -114.643 -303
28.0195 -104.792 -281
24.2305 -122.979 -315
-13.6602 -166.175 -351
-2.29297 -175.268 -396
