6.67969 -138.562 -465.6
-28.4766 -114.655 -469.6
22.1484 -136.452 -472.6
37.6172 -125.905 -476.6
-28.4766 -101.999 -480.6
-3.16406 -123.093 -481.6
-16.5234 -111.14 -486.6
0.351563 -134.343 -489.6
-24.2578 -117.468 -495.6
-15.1172 -124.499 -506.6
8.08594 -137.155 -507.6
38.3203 -127.312 -509.6
32.6953 -116.765 -514.6
-11.6016 -114.655 -516.6
0.351563 -148.405 -516.6
9.49219 -145.593 -521.6
49.5703 -133.64 -522.6
37.6172 -132.937 -523.6
0.351563 -132.937 -531.6
-18.6328 -139.968 -533.6
-8.08594 -144.187 -543.6
10.8984 -154.733 -546.6
3.86719 -142.077 -549.6
-20.7422 -130.124 -550.6
-3.86719 -132.233 -559.6
33.3984 -149.812 -560.6
36.2109 -126.608 -561.6
34.1016 -139.968 -564.6
7.38281 -147.702 -569.6
39.0234 -116.062 -570.6
13.0078 -163.171 -576.6
37.6172 -144.187 -581.6
-24.9609 -135.749 -592.6
-18.6328 -149.108 -597.6
11.6016 -170.202 -599.6
1.05469 -171.608 -603.6
24.2578 -170.905 -607.6
-8.08594 -163.874 -611.6
43.2422 -142.78 -611.6
6.67969 -171.608 -615.6
-0.351563 -165.28 -628.6
-3.86719 -163.171 -641.6
34.8047 -149.108 -646.6
-3.16406 -162.468 -659.6
-2.46094 -162.468 -661.6
-1.75781 -140.671 -672.6
