20.248 -118.332 -41
6.23633 -121.629 -53
4.58789 -117.508 -66
-15.1934 -131.519 -77
7.06055 -115.859 -77
6.23633 -145.531 -79
-34.1504 -158.719 -89
3.76367 -109.265 -95
-16.0176 -182.621 -103
12.8301 -115.859 -103
36.7324 -124.101 -107
-25.084 -174.379 -108
13.6543 -125.75 -111
-1.18164 -133.168 -120
4.58789 -133.168 -120
-10.248 -98.5505 -151
2.11523 -106.793 -154
-30.0293 -191.687 -161
7.06055 -195.808 -172
-53.1074 -104.32 -184
-39.0957 -180.148 -184
-37.4473 -139.761 -185
-53.1074 -193.336 -186
-44.8652 -193.336 -186
-36.623 -109.265 -190
-12.7207 -100.199 -191
-3.6543 -103.496 -191
-35.7988 -138.113 -201
-12.7207 -119.156 -202
-37.4473 -169.433 -203
-19.3145 -121.629 -203
-46.5137 -185.094 -205
-53.9316 -133.992 -206
1.29102 -101.023 -207
-5.30273 -106.793 -210
-53.9316 -124.101 -211
-39.9199 -120.804 -215
