-29.8711 152.012 702.3
1.71094 148.184 676.3
-49.9688 119.473 672.3
-74.8516 141.484 662.3
-4.03125 147.227 662.3
-38.4844 120.43 661.3
-70.0664 129.043 657.3
-77.7227 155.84 655.3
-86.3359 172.109 645.3
-79.6367 159.668 640.3
-76.7656 138.613 624.3
-29.8711 126.172 624.3
2.66797 129.043 615.3
18.9375 161.582 613.3
-52.8398 146.27 609.3
29.4648 152.969 604.3
-44.2266 135.742 590.3
-58.582 107.988 581.3
-56.668 94.5898 581.3
-34.6563 83.1055 574.3
-21.2578 107.031 573.3
-79.6367 141.484 570.3
16.0664 102.246 560.3
-45.1836 100.332 556.3
-12.6445 80.2344 555.3
-43.2695 80.2344 551.3
-30.8281 104.16 550.3
2.66797 148.184 550.3
-57.625 124.258 545.3
21.8086 101.289 544.3
-65.2813 146.27 542.3
-49.9688 108.945 539.3
7.45313 120.43 529.3
-4.98828 88.8477 528.3
-1.16016 86.9336 515.3
-39.4414 103.203 514.3
-60.4961 132.871 511.3
-43.2695 105.117 500.3
