-12.4316 141.41 -432.6
6.21094 147.895 -439.6
-17.2949 150.326 -441.6
15.127 147.895 -450.6
-17.2949 150.326 -452.6
0.537109 147.895 -455.6
-14.0527 137.357 -462.6
-22.1582 162.484 -468.6
23.2324 155.189 -468.6
-40.8008 159.242 -476.6
-14.8633 138.979 -477.6
18.3691 126.82 -486.6
17.5586 156.811 -489.6
-31.0742 168.158 -490.6
-33.5059 138.168 -493.6
-11.6211 130.063 -497.6
-18.1055 158.432 -500.6
-8.37891 124.389 -507.6
19.9902 138.979 -507.6
-30.2637 142.221 -520.6
29.7168 138.979 -520.6
16.748 177.074 -528.6
-41.6113 137.357 -530.6
-20.5371 120.336 -532.6
24.043 136.547 -537.6
-46.4746 140.6 -548.6
-19.7266 145.463 -564.6
-21.3477 126.82 -580.6
-21.3477 143.842 -589.6
-1.89453 141.41 -608.6
28.0957 152.758 -615.6
-27.0215 150.326 -618.6
