14.8438 -130.609 -103
35.4688 -145.609 -105
27.9688 -160.609 -111
49.5313 -152.171 -123
41.0938 -115.609 -126
7.34375 -141.859 -127
38.2813 -137.171 -132
18.5938 -146.546 -133
20.4688 -141.859 -154
30.7813 -144.671 -156
-3.90625 -161.546 -175
56.0938 -138.109 -179
-26.4063 -141.859 -181
-4.84375 -180.296 -192
33.5938 -152.171 -197
-8.59375 -161.546 -200
7.34375 -184.984 -200
-28.2813 -175.609 -209
-26.4063 -147.484 -218
-14.2188 -158.734 -221
-9.53125 -189.671 -229
44.8438 -173.734 -232
-20.7813 -197.171 -234
1.71875 -198.109 -235
-28.2813 -157.796 -242
33.5938 -124.984 -249
-35.7813 -184.046 -250
-16.0938 -188.734 -250
37.3438 -182.171 -256
22.3438 -186.859 -259
11.0938 -190.609 -266
32.6563 -135.296 -273
-27.3438 -165.296 -278
-23.5938 -164.359 -305
