-7.73438 -2.57813 -48.75
-28.3594 -21.4844 -55
-0.859375 -31.7969 -63.75
-4.29688 2.57813 -71.25
18.0469 -65.3125 -77.5
12.8906 -78.2031 -90
18.0469 -77.3438 -90
-16.3281 -13.75 -92.5
-35.2344 -83.3594 -97.5
-2.57813 6.875 -97.5
-2.57813 10.3125 -117.5
18.9063 -98.8281 -127.5
7.73438 -7.73438 -137.5
-1.71875 13.75 -140
20.625 -19.7656 -140
-3.4375 14.6094 -161.25
1.71875 -100.547 -177.5
27.5 -104.844 -177.5
-31.7969 -103.984 -180
-7.73438 15.4688 -185
-28.3594 -107.422 -192.5
-75.625 -60.1563 -205
-16.3281 10.3125 -221.25
8.59375 -0.859375 -248.75
-34.375 4.29688 -267.5
