-29.1582 -160.837 -31.5
26.7051 -153.743 -33.5
-23.8379 -172.364 -38.5
12.5176 -171.477 -38.5
-38.0254 -163.497 -39.5
5.42383 -151.969 -40.5
-11.4238 -183.005 -54.5
-18.5176 -184.778 -58.5
-25.6113 -221.134 -69.5
0.103516 -137.782 -111.5
-2.55664 -143.989 -137.5
17.8379 -158.176 -156.5
0.103516 -131.575 -164.5
7.19727 -146.649 -164.5
37.3457 -179.458 -164.5
-4.33008 -166.157 -166.5
0.103516 -131.575 -176.5
-6.10352 -125.368 -189.5
-32.7051 -152.856 -288.5
34.6855 -144.876 -291.5
27.5918 -137.782 -301.5
