55.0781 -96.6656 -160
11.3281 -99.7906 -165
37.8906 -102.916 -165
-21.4844 -170.884 -176
-12.8906 -155.259 -176
19.9219 -150.572 -180
11.3281 -106.041 -182
30.0781 -148.228 -183
37.8906 -163.072 -185
38.6719 -170.884 -189
-7.42188 -185.728 -200
21.4844 -182.603 -203
32.4219 -143.541 -205
-6.64063 -89.6344 -209
30.8594 -184.947 -209
39.4531 -95.8844 -216
-10.5469 -95.1031 -227
31.6406 -106.041 -227
30.0781 -195.103 -228
-7.42188 -202.134 -229
43.3594 -198.228 -235
8.20313 -125.572 -236
17.5781 -120.884 -237
31.6406 -120.103 -237
38.6719 -131.822 -239
4.29688 -175.572 -245
22.2656 -178.697 -245
-9.76563 -97.4469 -248
-12.8906 -217.759 -251
32.4219 -202.916 -252
1.17188 -106.822 -257
31.6406 -205.259 -262
80.8594 -123.228 -330
69.9219 -127.916 -341
43.3594 -128.697 -347
37.8906 -127.134 -353
31.6406 -138.072 -355
-7.42188 -125.572 -362
