-25.9023 111.398 -74.8
2.32031 109.738 -77.8
19.752 93.9668 -81.8
0.660156 115.549 -85.8
33.0332 101.438 -86.8
5.64063 120.529 -92.8
-6.81055 118.039 -101.8
5.64063 127.17 -110.8
-14.2813 111.398 -113.8
9.79102 98.9473 -114.8
1.49023 95.627 -121.8
-16.7715 111.398 -122.8
-42.5039 91.4766 -125.8
-19.2617 88.9863 -127.8
-15.1113 111.398 -128.8
30.543 84.0059 -129.8
16.4316 96.457 -131.8
-15.9414 114.719 -133.8
-1.83008 107.248 -139.8
18.9219 129.66 -140.8
-8.4707 111.398 -142.8
-14.2813 94.7969 -144.8
7.30078 148.752 -148.8
2.32031 162.033 -156.8
-24.2422 141.281 -161.8
-0.169922 163.693 -167.8
-10.9609 125.51 -173.8
33.8633 113.889 -198.8
-47.4844 141.281 -206.8
-17.6016 157.053 -207.8
5.64063 177.805 -225.8
-62.4258 116.379 -278.8
106.08 118.039 -279.8
105.25 110.568 -283.8
22.2422 41.6719 -284.8
-5.15039 165.354 -300.8
-29.2227 157.053 -301.8
36.3535 171.994 -308.8
-2.66016 162.863 -310.8
-11.791 156.223 -313.8
-29.2227 161.203 -314.8
-6.81055 167.014 -315.8
21.4121 155.393 -315.8
-5.15039 150.412 -318.8
