15.3984 -124.379 -200.5
-3.74219 -127.442 -201.5
11.5703 -135.863 -210.5
14.6328 -127.442 -210.5
-19.8203 -124.379 -215.5
32.2422 -112.129 -216.5
-1.44531 -127.442 -217.5
-19.8203 -112.895 -220.5
29.1797 -122.082 -222.5
-6.80469 -117.488 -254.5
13.8672 -149.645 -257.5
46.7891 -138.926 -263.5
-3.74219 -144.285 -267.5
22.2891 -109.067 -272.5
-13.6953 -145.817 -276.5
-8.33594 -125.145 -282.5
-20.5859 -128.973 -288.5
-15.2266 -138.926 -292.5
33.7734 -160.363 -292.5
21.5234 -131.27 -306.5
-17.5234 -132.035 -308.5
-28.2422 -136.629 -310.5
-9.10156 -130.504 -313.5
-9.86719 -166.488 -319.5
29.1797 -112.895 -319.5
42.1953 -138.926 -319.5
9.27344 -171.082 -323.5
28.4141 -135.098 -323.5
-31.3047 -145.817 -326.5
6.97656 -163.426 -326.5
28.4141 -125.145 -328.5
18.4609 -134.332 -330.5
31.4766 -140.457 -337.5
34.5391 -160.363 -340.5
-35.8984 -127.442 -341.5
-27.4766 -137.395 -342.5
-20.5859 -151.942 -342.5
-30.5391 -133.567 -359.5
-21.3516 -145.817 -362.5
34.5391 -168.785 -367.5
-14.4609 -171.082 -371.5
21.5234 -141.988 -371.5
5.44531 -179.504 -373.5
18.4609 -179.504 -373.5
21.5234 -166.488 -380.5
-22.1172 -177.207 -384.5
26.8828 -143.52 -384.5
-12.1641 -146.582 -390.5
32.2422 -174.91 -394.5
2.38281 -164.957 -403.5
3.14844 -141.988 -426.5
