26.3672 135.516 594.5
4.39453 135.516 589.5
19.3359 134.637 579.5
7.91016 124.969 574.5
27.2461 159.246 567.5
30.7617 114.422 549.5
29.0039 165.398 547.5
-21.0938 132.879 546.5
-7.91016 122.332 546.5
21.0938 149.578 537.5
30.7617 114.422 537.5
-25.4883 117.059 531.5
-12.3047 139.031 529.5
-5.27344 112.664 529.5
-12.3047 143.426 515.5
-25.4883 108.27 514.5
33.3984 162.762 510.5
52.7344 140.789 502.5
-24.6094 106.512 501.5
29.8828 138.152 494.5
32.5195 153.094 495.5
17.5781 110.906 493.5
24.6094 128.484 478.5
-14.9414 124.09 476.5
-33.3984 144.305 469.5
23.7305 103.875 469.5
32.5195 143.426 459.5
3.51563 97.7227 456.5
-19.3359 125.848 451.5
-29.8828 141.668 450.5
29.0039 143.426 434.5
-34.2773 140.789 429.5
-16.6992 121.453 424.5
-27.2461 103.875 421.5
-22.8516 133.758 402.5
