-21.2578 134.785 881.3
0.753906 102.246 863.3
-52.8398 99.375 862.3
-4.03125 96.5039 854.3
-2.11719 78.3203 852.3
-46.1406 79.2773 850.3
-32.7422 79.2773 843.3
-67.1953 117.559 803.3
-50.9258 13.2422 791.3
-72.9375 113.73 789.3
-4.03125 41.9531 784.3
8.41016 104.16 784.3
-46.1406 156.797 783.3
-2.11719 122.344 778.3
-8.81641 112.773 776.3
-43.2695 168.281 771.3
1.71094 129.043 769.3
26.5938 162.539 758.3
-88.25 138.613 743.3
-35.6133 145.313 736.3
-5.94531 123.301 726.3
-37.5273 144.355 723.3
-37.5273 170.195 723.3
-50.9258 177.852 722.3
-93.9922 66.8359 714.3
-44.2266 146.27 712.3
-34.6563 147.227 707.3
-3.07422 146.27 704.3
-52.8398 179.766 698.3
-80.5938 159.668 667.3
