65.918 -137.487 -129
73.7305 -138.464 -144
7.32422 -171.667 -148
62.9883 -170.69 -164
75.6836 -152.136 -165
49.3164 -157.995 -188
1.46484 -139.44 -195
79.5898 -133.581 -195
20.9961 -153.112 -197
62.0117 -129.675 -197
38.5742 -150.183 -215
20.0195 -156.042 -220
63.9648 -136.511 -223
29.7852 -151.159 -232
80.5664 -124.792 -240
10.2539 -136.511 -243
44.4336 -133.581 -244
57.1289 -156.042 -245
-3.41797 -162.878 -258
7.32422 -157.019 -259
66.8945 -181.433 -263
66.8945 -142.37 -264
12.207 -193.151 -267
69.8242 -131.628 -277
-18.0664 -184.362 -283
17.0898 -186.315 -283
51.2695 -183.386 -286
73.7305 -187.292 -290
40.5273 -182.409 -297
-20.9961 -149.206 -298
36.6211 -184.362 -298
2.44141 -189.245 -302
64.9414 -185.339 -306
72.7539 -166.784 -306
74.707 -151.159 -309
-4.39453 -137.487 -317
55.1758 -139.44 -317
65.918 -186.315 -331
59.082 -141.394 -332
-5.37109 -146.276 -338
52.2461 -192.175 -347
61.0352 -145.3 -345
45.4102 -198.034 -350
79.5898 -179.48 -354
76.6602 -182.409 -355
79.5898 -182.409 -356
19.043 -199.987 -361
69.8242 -189.245 -369
9.27734 -176.55 -371
69.8242 -189.245 -371
56.1523 -199.011 -372
-1.46484 -199.987 -375
62.0117 -144.323 -377
82.5195 -188.269 -382
34.668 -197.058 -385
19.043 -169.714 -388
5.37109 -198.034 -391
-3.41797 -166.784 -392
60.0586 -163.855 -396
19.043 -195.105 -397
39.5508 -164.831 -405
