7.63672 -142.464 241.5
2.24609 -140.667 236.5
9.43359 -128.987 209.5
27.4023 -178.401 206.5
-20.2148 -184.69 205.5
7.63672 -201.76 172.5
-34.5898 -141.565 170.5
14.8242 -208.05 168.5
-38.1836 -130.784 161.5
45.3711 -164.925 160.5
-25.6055 -192.776 154.5
-12.1289 -120.003 153.5
-47.168 -132.581 148.5
-39.9805 -227.815 140.5
-47.168 -194.573 139.5
-14.8242 -118.206 139.5
-81.3086 -186.487 134.5
-68.7305 -218.831 132.5
-50.7617 -193.675 131.5
-75.0195 -177.503 130.5
-51.6602 -142.464 129.5
-44.4727 -131.682 121.5
-17.5195 -139.768 118.5
-8.53516 -130.784 118.5
24.707 -138.87 92.5
57.0508 -154.143 81.5
57.9492 -133.479 78.5
57.9492 -121.8 74.5
57.9492 -128.987 73.5
46.2695 -149.651 64.5
