28.3281 160.758 -163.6
0.144531 150.855 -164.6
4.71484 157.711 -172.6
19.9492 150.094 -189.6
0.90625 125.719 -192.6
18.4258 161.52 -192.6
12.332 169.137 -198.6
11.5703 111.246 -218.6
1.66797 150.855 -242.6
4.71484 179.039 -243.6
-19.6602 80.0156 -246.6
0.90625 175.23 -247.6
6.23828 163.043 -252.6
42.8008 149.332 -258.6
2.42969 180.563 -259.6
7 178.277 -272.6
-15.0898 163.805 -280.6
44.3242 174.469 -284.6
-21.9453 64.7813 -293.6
-31.0859 58.6875 -319.6
5.47656 182.848 -321.6
-3.66406 177.516 -379.6
35.9453 176.754 -379.6
