31.7188 -148.529 32.9
23.2813 -138.216 27.9
-2.03125 -154.154 22.9
-1.09375 -167.279 22.9
33.5938 -198.216 -3.09998
25.1563 -158.841 -6.09998
-6.71875 -185.091 -7.09998
-15.1563 -226.341 -27.1
-2.03125 -191.654 -45.1
-38.5938 -136.341 -48.1
6.40625 -121.341 -59.1
-12.3438 -131.654 -67.1
-6.71875 -133.529 -67.1
-20.7813 -135.404 -69.1
5.46875 -124.154 -70.1
-2.96875 -122.279 -105.1
56.0938 -122.279 -116.1
-7.65625 -125.091 -133.1
-77.9688 -207.591 -134.1
-10.4688 -129.779 -155.1
-22.6563 -149.466 -186.1
